   Spacegroup Crystal        a        b        c  alpha    beta  gamma  Unit Cell Volume  Crystal Volume  VolumeToUnitCellVolRatio  Mean FP  Structure Weight
0       P1211    104m   64.730   30.910   34.828   90.0  105.41   90.0          69684.01        67178.81                     0.964    0.900             18.03
1       P1211    137l   54.070   55.910   59.860   90.0  103.56   90.0         180959.99       175915.72                     0.972  180.581             37.38
2       P1211    169l   40.400  112.300  135.200   90.0   91.70   90.0         613391.58       613121.61                     1.000  518.576             90.90
3       P1211    1a28   58.123   64.444   69.954   90.0   95.74   90.0         262025.20       260711.40                     0.995    0.899             59.74
4       P1211    1a2a  108.950   85.227   71.054   90.0  109.66   90.0         659770.61       621309.72                     0.942    0.899            111.11
5       P1211    19hc   60.380  106.070   80.620   90.0  103.50   90.0         516331.32       502065.05                     0.972  122.183             73.97
6       P1211    105m   64.720   30.061   35.191   90.0  105.76   90.0          68465.78        65892.00                     0.962    0.897             18.03
7       P1211    153l   38.300   65.700   45.200   90.0  116.00   90.0         113737.21       102226.33                     0.899  102.071             20.41
8       P1211    154l   38.300   65.400   44.700   90.0  117.00   90.0         111965.45        99761.95                     0.891  103.898             21.03
9       P1211    157d   41.690   34.620   32.130   90.0  127.60   90.0          46373.48        36741.23                     0.792   66.200              7.70
10      P1211    176l   49.600  127.100   29.100   90.0   98.40   90.0         183451.06       181483.05                     0.989  194.688             37.24
11      P1211    180l   52.300   57.700   57.600   90.0  104.40   90.0         173820.10       168359.22                     0.969   75.745             37.31
12      P1211    1a3a   53.570   66.010   73.860   90.0   99.76   90.0         261180.46       257400.26                     0.986  133.279             65.39
13      P1211    1a01   63.400   83.600   53.800   90.0   99.30   90.0         285152.91       281404.78                     0.987  142.730             64.38
14      P1211    1a02   64.660   85.460   83.370   90.0  112.03   90.0         460689.58       427053.52                     0.927    0.920             59.85
15      P1211    1a0o   53.900  156.970   65.970   90.0   91.70   90.0         558151.26       557905.59                     1.000    0.953            114.17
16      P1211    1a2a  108.950   85.227   71.054   90.0  109.66   90.0         659770.61       621309.72                     0.942    0.899            111.11
17      P1211    1a2j   38.520   51.380   42.500   90.0  103.08   90.0          84114.20        81931.86                     0.974    0.897             21.16
18      P1211    135l   38.070   33.200   46.120   90.0  110.06   90.0          58292.17        54755.82                     0.939   63.808             14.23