 	h 	k 	l 	FREE 	FP 	SIGFP 	FC 	PHIC 	FC_ALL 	PHIC_ALL 	FWT 	PHWT 	DELFWT 	PHDELWT 	FOM 	FC_ALL_LS 	PHIC_ALL_LS 	
1	-36  	4  	1  	1  	46.42 	0.01 	30.12 	2.77 	26.81 	2.77 	56.64 	2.77 	29.83 	2.77 	0.90 	30.12 	2.77
2	-36  	5  	3  	1  	11.38 	0.01 	6.71 	2.45 	6.02 	2.45 	2.58 	5.59 	8.60 	5.59 	0.15 	6.71 	2.45
3	-36  	5  	4  	1  	11.88 	0.01 	35.28 	5.09 	32.06 	5.09 	15.95 	1.95 	48.02 	1.95 	0.68 	35.28 	5.09
4	-35  	4  	1  	1  	42.81 	0.01 	42.29 	2.59 	39.03 	2.59 	42.33 	2.59 	3.30 	2.59 	0.95 	42.29 	2.59
5	-35  	4  	2  	1  	48.98 	0.01 	56.39 	0.24 	51.51 	0.24 	42.01 	0.24 	9.50 	3.38 	0.95 	56.39 	0.24
6	-35  	5  	1  	1  	72.75 	0.01 	64.21 	1.25 	59.38 	1.25 	83.17 	1.25 	23.79 	1.25 	0.98 	64.21 	1.25
7	-35  	5  	2  	1  	56.91 	0.01 	42.64 	1.59 	39.79 	1.59 	70.14 	1.59 	30.35 	1.59 	0.97 	42.65 	1.59
8	-35  	5  	3  	1  	68.15 	0.01 	53.69 	1.02 	49.34 	1.02 	83.56 	1.02 	34.22 	1.02 	0.97 	53.68 	1.02
9	-35  	5  	5  	1  	12.14 	0.01 	17.64 	5.55 	16.11 	5.55 	5.48 	2.40 	21.58 	2.40 	0.44 	17.64 	5.55
10	-35  	5  	6  	1  	24.04 	0.01 	13.82 	4.65 	12.62 	4.65 	17.49 	4.65 	4.87 	4.65 	0.63 	13.82 	4.65
11	-35  	6  	3  	1  	90.99 	0.01 	86.03 	5.62 	79.25 	5.62 	100.45 	5.62 	21.19 	5.62 	0.99 	86.03 	5.62
12	-35  	6  	4  	0  	45.40 	0.01 	52.27 	4.38 	48.72 	4.38 	48.72 	4.38 	0.00 	0.00 	0.00 	52.27 	4.38
13	-35  	6  	5  	1  	49.14 	0.01 	35.63 	2.13 	33.34 	2.13 	60.24 	2.13 	26.90 	2.13 	0.95 	35.63 	2.13
14	-35  	6  	7  	1  	14.84 	0.01 	25.38 	1.69 	23.38 	1.69 	2.99 	4.83 	26.37 	4.83 	0.69 	25.38 	1.69
15	-35  	6  	8  	1  	40.62 	0.01 	51.49 	0.54 	46.51 	0.54 	30.00 	0.54 	16.51 	3.68 	0.94 	51.49 	0.54
16	-34  	3  	1  	1  	36.23 	0.01 	40.87 	4.62 	38.30 	4.62 	25.10 	4.62 	13.20 	1.48 	0.88 	40.87 	4.62
17	-34  	3  	2  	1  	25.17 	0.01 	27.88 	1.63 	26.35 	1.63 	7.45 	1.63 	18.90 	4.77 	0.67 	27.89 	1.63
18	-34  	4  	1  	1  	40.79 	0.01 	30.92 	2.67 	28.51 	2.67 	42.29 	2.67 	13.77 	2.67 	0.87 	30.92 	2.67
19	-34  	4  	2  	1  	62.54 	0.01 	55.24 	1.55 	51.57 	1.55 	67.44 	1.55 	15.87 	1.55 	0.95 	55.23 	1.55
20	-34  	4  	3  	1  	16.68 	0.01 	3.67 	1.16 	3.46 	1.16 	0.75 	4.30 	4.21 	4.30 	0.08 	3.67 	1.16
21	-34  	5  	1  	1  	78.08 	0.01 	60.68 	2.81 	55.42 	2.81 	96.11 	2.81 	40.69 	2.81 	0.97 	60.68 	2.81
22	-34  	5  	2  	1  	47.91 	0.01 	49.87 	1.24 	45.73 	1.24 	43.26 	1.24 	2.47 	4.38 	0.93 	49.87 	1.24
23	-34  	5  	3  	1  	76.45 	0.01 	69.75 	3.44 	64.39 	3.44 	84.12 	3.44 	19.73 	3.44 	0.97 	69.75 	3.44
24	-34  	5  	5  	1  	14.61 	0.01 	15.83 	3.58 	14.69 	3.58 	4.22 	0.43 	18.91 	0.43 	0.36 	15.82 	3.58
25	-34  	5  	10  1  	40.41 	0.01 	49.76 	5.11 	46.26 	5.11 	31.14 	5.11 	15.12 	1.97 	0.96 	49.76 	5.11
26	-34  	5  	11  1  	46.36 	0.01 	52.96 	0.66 	48.39 	0.66 	40.23 	0.66 	8.16 	3.80 	0.96 	52.97 	0.66
27	-34  	6  	3  	1  	112.05 	0.01 	88.24 	1.18 	80.60 	1.18 	140.62 	1.18 	60.02 	1.18 	0.99 	88.24 	1.18
28	-34  	6  	4  	1  	71.04 	0.01 	60.23 	3.55 	55.01 	3.55 	82.08 	3.55 	27.07 	3.55 	0.96 	60.23 	3.55
29	-34  	6  	5  	0  	41.88 	0.01 	36.45 	5.58 	33.30 	5.58 	33.30 	5.58 	0.00 	0.00 	0.00 	36.45 	5.58
30	-34  	6  	6  	1  	44.42 	0.01 	48.01 	6.23 	43.85 	6.23 	38.79 	6.23 	5.06 	3.09 	0.93 	48.01 	6.23
31	-34  	6  	10  1  	40.00 	0.01 	46.89 	1.97 	42.55 	1.97 	32.48 	1.97 	10.07 	5.11 	0.94 	46.89 	1.97
32	-34  	7  	1  	1  	132.80 	0.01 	147.02 	0.11 	131.40 	0.11 	132.45 	0.11 	1.05 	0.11 	0.99 	147.02 	0.11
33	-34  	7  	2  	1  	111.74 	0.01 	109.56 	0.37 	100.57 	0.37 	121.07 	0.37 	20.50 	0.37 	0.99 	109.57 	0.37
34	-34  	7  	3  	0  	35.68 	0.01 	28.11 	3.09 	26.28 	3.09 	26.28 	3.09 	0.00 	0.00 	0.00 	28.11 	3.09
35	-34  	7  	4  	0  	41.30 	0.01 	38.15 	3.85 	35.74 	3.85 	35.74 	3.85 	0.00 	0.00 	0.00 	38.14 	3.85
36	-34  	7  	5  	1  	64.76 	0.01 	44.50 	2.20 	41.61 	2.20 	84.27 	2.20 	42.65 	2.20 	0.97 	44.50 	2.20
37	-34  	7  	6  	1  	36.51 	0.01 	46.80 	2.00 	43.93 	2.00 	25.69 	2.00 	18.24 	5.14 	0.95 	46.80 	2.00
38	-34  	7  	7  	1  	65.89 	0.01 	54.12 	1.31 	50.39 	1.31 	78.14 	1.31 	27.75 	1.31 	0.98 	54.13 	1.31
39	-34  	7  	8  	1  	19.67 	0.01 	14.55 	0.73 	13.27 	0.73 	8.37 	0.73 	4.90 	3.87 	0.55 	14.55 	0.73
40	-33  	3  	1  	1  	75.38 	0.01 	85.02 	0.20 	80.42 	0.20 	66.55 	0.20 	13.87 	3.34 	0.97 	85.02 	0.20
41	-33  	3  	2  	1  	54.55 	0.01 	60.06 	0.20 	57.38 	0.20 	46.18 	0.20 	11.20 	3.34 	0.95 	60.06 	0.20
42	-33  	3  	3  	1  	90.84 	0.01 	94.51 	4.92 	90.46 	4.92 	86.95 	4.92 	3.51 	1.77 	0.98 	94.50 	4.92
43	-33  	4  	1  	1  	41.43 	0.01 	38.10 	3.17 	35.86 	3.17 	36.90 	3.17 	1.04 	3.17 	0.88 	38.10 	3.17
44	-33  	4  	2  	1  	47.87 	0.01 	60.40 	5.14 	56.96 	5.14 	33.20 	5.14 	23.75 	2.00 	0.94 	60.42 	5.14
45	-33  	4  	12  1  	25.15 	0.01 	22.05 	1.55 	20.37 	1.55 	21.01 	1.55 	0.63 	1.55 	0.82 	22.05 	1.55
46	-33  	5  	1  	1  	61.59 	0.01 	58.65 	2.97 	54.97 	2.97 	62.18 	2.97 	7.22 	2.97 	0.95 	58.63 	2.97
47	-33  	5  	2  	1  	15.93 	0.01 	22.01 	4.96 	20.79 	4.96 	7.45 	1.82 	28.24 	1.82 	0.42 	22.00 	4.96
48	-33  	5  	3  	1  	13.80 	0.01 	33.96 	0.39 	31.95 	0.39 	16.82 	3.53 	48.77 	3.53 	0.55 	33.96 	0.39
49	-33  	5  	4  	1  	54.44 	0.01 	54.68 	5.73 	51.32 	5.73 	51.10 	5.73 	0.22 	2.59 	0.94 	54.68 	5.73
50	-33  	5  	8  	1  	12.61 	0.01 	65.40 	1.34 	61.75 	1.34 	43.41 	4.48 	105.16 	4.48 	0.73 	65.41 	1.34
51	-33  	5  	9  	1  	44.24 	0.01 	54.65 	3.52 	50.73 	3.52 	32.12 	3.52 	18.60 	0.38 	0.94 	54.66 	3.52
52	-33  	5  	10  1  	40.78 	0.01 	43.77 	5.86 	40.03 	5.86 	33.37 	5.86 	6.66 	2.72 	0.90 	43.76 	5.86
53	-33  	5  	11  1  	26.19 	0.01 	32.84 	1.87 	30.07 	1.87 	16.26 	1.87 	13.81 	5.01 	0.88 	32.84 	1.87
54	-33  	6  	2  	1  	98.67 	0.01 	99.10 	3.38 	91.64 	3.38 	102.69 	3.38 	11.05 	3.38 	0.98 	99.10 	3.38
55	-33  	6  	3  	1  	19.90 	0.01 	14.99 	5.20 	13.99 	5.20 	2.68 	5.20 	11.31 	2.06 	0.42 	14.99 	5.20
56	-33  	6  	4  	1  	24.78 	0.01 	13.41 	0.54 	12.59 	0.54 	8.74 	0.54 	3.85 	3.68 	0.43 	13.42 	0.54
57	-33  	6  	5  	1  	8.45 	0.01 	24.19 	1.88 	22.72 	1.88 	18.02 	5.02 	40.74 	5.02 	0.28 	24.19 	1.88
58	-33  	6  	6  	1  	52.22 	0.01 	73.55 	2.67 	68.82 	2.67 	30.93 	2.67 	37.90 	5.81 	0.96 	73.54 	2.67
59	-33  	6  	7  	1  	50.14 	0.01 	40.57 	3.50 	37.66 	3.50 	54.92 	3.50 	17.26 	3.50 	0.92 	40.57 	3.50
60	-33  	6  	9  	1  	39.00 	0.01 	38.06 	3.44 	34.78 	3.44 	34.74 	3.44 	0.04 	0.30 	0.89 	38.07 	3.44
61	-33  	6  	10  1  	57.45 	0.01 	58.28 	2.98 	53.60 	2.98 	58.16 	2.98 	4.56 	2.98 	0.97 	58.28 	2.98
62	-33  	6  	11  1  	72.62 	0.01 	80.46 	6.28 	74.46 	6.28 	68.46 	6.28 	6.00 	3.14 	0.98 	80.46 	6.28
63	-33  	7  	1  	1  	46.01 	0.01 	57.87 	0.62 	53.43 	0.62 	35.51 	0.62 	17.91 	3.76 	0.97 	57.86 	0.62
64	-33  	7  	2  	1  	112.30 	0.01 	97.90 	2.89 	89.42 	2.89 	132.78 	2.89 	43.36 	2.89 	0.99 	97.90 	2.89
65	-33  	7  	3  	1  	61.53 	0.01 	56.51 	5.78 	51.62 	5.78 	65.95 	5.78 	14.33 	5.78 	0.96 	56.51 	5.78
66	-33  	7  	5  	1  	37.94 	0.01 	34.44 	1.19 	31.48 	1.19 	33.60 	1.19 	2.12 	1.19 	0.86 	34.44 	1.19
67	-33  	7  	6  	1  	47.31 	0.01 	47.41 	1.16 	43.30 	1.16 	44.19 	1.16 	0.89 	1.16 	0.92 	47.41 	1.16
68	-33  	7  	7  	1  	37.49 	0.01 	56.25 	2.46 	51.38 	2.46 	18.67 	2.46 	32.71 	5.61 	0.93 	56.25 	2.46
69	-33  	7  	8  	1  	22.67 	0.01 	25.74 	0.94 	23.54 	0.94 	13.58 	0.94 	9.96 	4.08 	0.82 	25.73 	0.94
70	-33  	7  	9  	1  	46.66 	0.01 	67.34 	2.53 	63.02 	2.53 	27.90 	2.53 	35.12 	5.67 	0.97 	67.34 	2.53
71	-33  	7  	10  1  	61.68 	0.01 	68.38 	2.73 	62.35 	2.73 	57.82 	2.73 	4.52 	5.88 	0.97 	68.38 	2.73
72	-33  	8  	1  	1  	50.77 	0.01 	36.06 	3.37 	32.41 	3.37 	62.03 	3.37 	29.62 	3.37 	0.93 	36.06 	3.37
73	-33  	8  	2  	1  	30.97 	0.01 	19.15 	3.07 	17.65 	3.07 	32.83 	3.07 	15.17 	3.07 	0.81 	19.15 	3.07
74	-33  	8  	3  	1  	39.41 	0.01 	12.65 	2.86 	11.86 	2.86 	52.81 	2.86 	40.95 	2.86 	0.82 	12.65 	2.86
75	-33  	8  	4  	1  	66.38 	0.01 	60.98 	2.12 	57.05 	2.12 	73.08 	2.12 	16.03 	2.12 	0.98 	60.98 	2.12
76	-33  	8  	5  	1  	13.42 	0.01 	6.90 	3.32 	6.45 	3.32 	0.98 	3.32 	5.47 	0.17 	0.28 	6.90 	3.32
77	-33  	8  	6  	1  	32.74 	0.01 	22.94 	0.32 	21.53 	0.32 	36.71 	0.32 	15.18 	0.32 	0.89 	22.94 	0.32
78	-33  	8  	7  	1  	60.32 	0.01 	70.81 	3.56 	65.84 	3.56 	52.28 	3.56 	13.56 	0.41 	0.98 	70.81 	3.56
79	-33  	8  	8  	1  	74.17 	0.01 	98.75 	3.24 	89.84 	3.24 	56.24 	3.24 	33.60 	0.10 	0.98 	98.75 	3.24
80	-32  	2  	1  	0  	68.13 	0.01 	56.28 	5.90 	55.39 	5.90 	55.39 	5.90 	0.00 	0.00 	0.00 	56.27 	5.90
81	-32  	2  	2  	1  	72.76 	0.01 	92.36 	4.77 	89.48 	4.77 	51.84 	4.77 	37.64 	1.63 	0.97 	92.34 	4.77
82	-32  	3  	2  	1  	35.31 	0.01 	23.02 	0.25 	22.67 	0.25 	32.11 	0.25 	9.44 	0.25 	0.78 	23.04 	0.25
83	-32  	4  	1  	1  	14.65 	0.01 	43.00 	3.60 	41.15 	3.60 	22.84 	0.46 	63.99 	0.46 	0.62 	43.00 	3.60
84	-32  	4  	2  	1  	19.44 	0.01 	10.76 	2.79 	10.36 	2.78 	1.30 	5.93 	11.67 	5.93 	0.23 	10.76 	2.78
85	-32  	4  	6  	1  	20.88 	0.01 	44.56 	6.22 	43.48 	6.22 	11.26 	3.08 	54.74 	3.08 	0.77 	44.58 	6.22
86	-32  	4  	10  0  	30.90 	0.01 	31.91 	1.01 	29.96 	1.01 	29.96 	1.01 	0.00 	0.00 	0.00 	31.90 	1.01
87	-32  	4  	11  1  	55.34 	0.01 	73.91 	1.21 	69.39 	1.21 	36.42 	1.21 	32.97 	4.35 	0.96 	73.90 	1.21
88	-32  	4  	12  1  	13.06 	0.01 	5.44 	5.04 	4.98 	5.04 	2.20 	1.90 	7.18 	1.90 	0.11 	5.44 	5.04
89	-32  	4  	14  1  	77.52 	0.01 	91.77 	3.27 	82.19 	3.27 	70.06 	3.27 	12.13 	0.13 	0.98 	91.77 	3.27
90	-32  	5  	1  	0  	69.01 	0.01 	46.49 	0.72 	43.96 	0.72 	43.96 	0.72 	0.00 	0.00 	0.00 	46.50 	0.72
91	-32  	5  	2  	1  	70.05 	0.01 	48.64 	5.42 	46.45 	5.42 	87.05 	5.42 	40.60 	5.42 	0.95 	48.64 	5.42
92	-32  	5  	3  	1  	25.16 	0.01 	37.58 	2.18 	35.97 	2.18 	2.37 	2.18 	33.60 	5.32 	0.76 	37.59 	2.18
93	-32  	5  	4  	1  	47.76 	0.01 	41.19 	3.11 	39.43 	3.11 	45.17 	3.11 	5.74 	3.11 	0.89 	41.17 	3.11
94	-32  	5  	5  	1  	54.96 	0.01 	27.82 	1.78 	26.63 	1.77 	66.51 	1.77 	39.89 	1.77 	0.85 	27.80 	1.77
95	-32  	5  	8  	1  	74.09 	0.01 	64.09 	2.88 	60.71 	2.88 	82.46 	2.88 	21.75 	2.88 	0.97 	64.10 	2.88
96	-32  	5  	9  	1  	44.21 	0.01 	43.54 	3.34 	40.93 	3.34 	38.96 	3.34 	1.96 	0.20 	0.90 	43.54 	3.34
97	-32  	5  	11  1  	14.90 	0.01 	14.59 	4.90 	13.42 	4.90 	3.69 	1.76 	17.11 	1.76 	0.33 	14.59 	4.90
98	-32  	5  	12  1  	21.55 	0.01 	9.06 	3.83 	8.27 	3.83 	10.35 	3.83 	2.09 	3.83 	0.43 	9.05 	3.83
99	-32  	5  	13  1  	24.54 	0.01 	23.23 	4.15 	21.41 	4.15 	18.12 	4.15 	3.29 	1.00 	0.81 	23.24 	4.15
100	-32  	6  	1  	1  	106.96 	0.01 	106.75 	3.51 	100.97 	3.51 	109.32 	3.51 	8.35 	3.51 	0.98 	106.75 	3.51
101	-32  	6  	2  	1  	49.24 	0.01 	46.24 	0.59 	43.45 	0.59 	47.07 	0.59 	3.62 	0.59 	0.92 	46.23 	0.59
102	-32  	6  	4  	1  	34.89 	0.01 	28.81 	4.68 	27.23 	4.68 	29.88 	4.68 	2.65 	4.68 	0.82 	28.83 	4.68
103	-32  	6  	5  	1  	11.41 	0.01 	11.09 	1.31 	10.48 	1.31 	6.08 	4.45 	16.56 	4.45 	0.19 	11.09 	1.31
104	-32  	6  	6  	1  	59.20 	0.01 	62.72 	5.37 	59.05 	5.37 	53.98 	5.37 	5.06 	2.23 	0.95 	62.72 	5.37
105	-32  	6  	7  	1  	46.62 	0.01 	26.92 	3.02 	25.28 	3.02 	53.68 	3.02 	28.40 	3.02 	0.85 	26.92 	3.02
106	-32  	6  	8  	1  	28.96 	0.01 	45.02 	4.80 	42.53 	4.80 	6.00 	4.80 	36.53 	1.66 	0.84 	45.01 	4.80
107	-32  	6  	9  	1  	30.90 	0.01 	27.38 	0.75 	25.59 	0.75 	22.02 	0.75 	3.57 	3.89 	0.77 	27.37 	0.75
108	-32  	6  	10  1  	68.10 	0.01 	53.24 	4.77 	48.90 	4.77 	81.14 	4.77 	32.24 	4.77 	0.95 	53.23 	4.77
109	-32  	6  	12  1  	42.00 	0.01 	57.18 	3.28 	53.29 	3.28 	27.67 	3.28 	25.63 	0.13 	0.96 	57.18 	3.28
110	-32  	7  	1  	1  	42.76 	0.01 	39.39 	1.60 	36.25 	1.60 	40.83 	1.60 	4.59 	1.60 	0.90 	39.38 	1.60
111	-32  	7  	2  	1  	43.29 	0.01 	24.34 	4.88 	22.63 	4.88 	49.89 	4.88 	27.26 	4.88 	0.84 	24.34 	4.88
112	-32  	7  	3  	1  	56.43 	0.01 	50.57 	0.93 	47.45 	0.93 	58.24 	0.93 	10.78 	0.93 	0.94 	50.56 	0.93
113	-32  	7  	4  	1  	63.44 	0.01 	48.54 	3.83 	45.78 	3.83 	73.16 	3.83 	27.38 	3.83 	0.94 	48.54 	3.83
114	-32  	7  	5  	1  	37.80 	0.01 	46.60 	2.64 	43.98 	2.64 	23.04 	2.64 	20.94 	5.78 	0.89 	46.61 	2.64
115	-32  	7  	6  	1  	22.53 	0.01 	24.65 	5.57 	23.16 	5.57 	4.43 	5.57 	18.74 	2.43 	0.61 	24.65 	5.57
116	-32  	7  	7  	1  	45.01 	0.01 	36.91 	0.02 	34.38 	0.02 	46.59 	0.02 	12.21 	0.02 	0.90 	36.91 	0.02
117	-32  	7  	8  	1  	39.06 	0.01 	41.18 	1.37 	37.95 	1.37 	32.23 	1.37 	5.73 	4.51 	0.90 	41.18 	1.37
118	-32  	7  	9  	1  	59.82 	0.01 	68.90 	4.33 	62.93 	4.33 	52.02 	4.33 	10.91 	1.18 	0.96 	68.89 	4.33
119	-32  	7  	10  0  	35.30 	0.01 	29.21 	0.60 	26.81 	0.60 	26.81 	0.60 	0.00 	0.00 	0.00 	29.21 	0.60
120	-32  	7  	11  1 	56.81 	0.01 	59.35 	5.57 	55.00 	5.57 	55.49 	5.57 	0.50 	5.57 	0.97 	59.35 	5.57
121	-32  	8  	1  	1  	91.88 	0.01 	80.53 	3.22 	74.16 	3.22 	107.37 	3.22 	33.20 	3.22 	0.99 	80.53 	3.22
122	-32  	8  	2  	1  	65.36 	0.01 	98.69 	0.45 	90.14 	0.45 	38.10 	0.45 	52.04 	3.59 	0.98 	98.69 	0.45
123	-32  	8  	3  	1  	90.97 	0.01 	83.01 	5.64 	75.83 	5.64 	102.38 	5.64 	26.55 	5.64 	0.98 	83.01 	5.64
124	-32  	8  	4  	1  	50.59 	0.01 	61.87 	2.26 	56.52 	2.26 	38.99 	2.26 	17.52 	5.41 	0.94 	61.87 	2.26
125	-32  	8  	6  	1  	44.85 	0.01 	17.06 	0.99 	15.59 	0.99 	52.39 	0.99 	36.80 	0.99 	0.76 	17.07 	0.99
126	-32  	8  	7  	1  	23.35 	0.01 	38.85 	0.60 	35.48 	0.60 	3.99 	0.60 	31.50 	3.75 	0.85 	38.85 	0.60
127	-32  	8  	8  	0  	62.30 	0.01 	82.05 	6.21 	75.33 	6.21 	75.33 	6.21 	0.00 	0.00 	0.00 	82.06 	6.21
128	-32  	8  	9  	1  	54.78 	0.01 	56.79 	0.69 	53.38 	0.68 	53.44 	0.68 	0.06 	0.68 	0.98 	56.80 	0.68
129	-32  	8  	10  1  	27.13 	0.01 	37.90 	4.30 	34.33 	4.30 	13.38 	4.30 	20.95 	1.15 	0.88 	37.91 	4.30
130	-32  	9  	1  	1  	73.38 	0.01 	79.52 	2.84 	71.04 	2.84 	72.42 	2.84 	1.38 	2.84 	0.98 	79.52 	2.84
131	-32  	9  	2  	1  	112.97 	0.01 	113.21 	2.87 	103.63 	2.87 	120.46 	2.87 	16.82 	2.87 	0.99 	113.21 	2.87
132	-32  	9  	3  	1  	63.27 	0.01 	50.13 	3.72 	46.64 	3.72 	76.37 	3.72 	29.74 	3.72 	0.97 	50.13 	3.72
133	-32  	9  	4  	1  	25.94 	0.01 	44.07 	1.09 	41.35 	1.09 	6.80 	1.09 	34.56 	4.23 	0.93 	44.08 	1.09
134	-32  	9  	5  	1  	76.61 	0.01 	45.42 	2.67 	42.63 	2.67 	107.10 	2.67 	64.47 	2.67 	0.98 	45.42 	2.67
135	-32  	9  	6  	0  	31.29 	0.01 	27.04 	0.50 	25.20 	0.50 	25.20 	0.50 	0.00 	0.00 	0.00 	27.04 	0.50
136	-32  	9  	7  	1  	33.34 	0.01 	64.16 	2.92 	58.90 	2.92 	4.55 	2.92 	54.35 	6.06 	0.95 	64.15 	2.92
137	-32  	9  	8  	1  	40.98 	0.01 	38.97 	4.07 	34.96 	4.07 	40.28 	4.07 	5.32 	4.07 	0.92 	38.97 	4.07
138	-31  	1  	15  1  	39.33 	0.01 	50.54 	5.06 	47.41 	5.06 	28.07 	5.06 	19.34 	1.91 	0.96 	50.54 	5.06
139	-31  	2  	1  	1  	184.44 	0.01 	168.42 	3.64 	165.00 	3.64 	200.73 	3.64 	35.73 	3.64 	0.99 	168.43 	3.64
140	-31  	2  	2  	1  	25.55 	0.01 	47.51 	4.23 	47.06 	4.23 	8.90 	1.08 	55.97 	1.08 	0.75 	47.50 	4.23
141	-31  	2  	15  1  	25.86 	0.01 	19.86 	1.52 	18.38 	1.52 	22.53 	1.52 	4.15 	1.52 	0.79 	19.87 	1.52
142	-31  	3  	1  	1  	94.03 	0.01 	114.42 	0.50 	110.44 	0.50 	73.59 	0.50 	36.85 	3.65 	0.98 	114.39 	0.50
143	-31  	3  	2  	1  	63.46 	0.01 	51.13 	6.15 	50.09 	6.15 	66.00 	6.15 	15.91 	6.15 	0.91 	51.14 	6.15
144	-31  	3  	3  	1  	7.46 	0.01 	16.31 	5.42 	16.11 	5.42 	14.42 	2.28 	30.53 	2.28 	0.11 	16.32 	5.42
145	-31  	3  	15  1  	79.39 	0.01 	82.67 	4.65 	74.74 	4.65 	81.19 	4.65 	6.45 	4.65 	0.98 	82.67 	4.65
146	-31  	4  	1  	1  	37.02 	0.01 	39.13 	0.04 	38.15 	0.04 	26.04 	0.04 	12.11 	3.19 	0.87 	39.13 	0.04
147	-31  	4  	2  	1  	106.42 	0.01 	96.90 	0.83 	93.03 	0.83 	115.38 	0.83 	22.34 	0.83 	0.98 	96.89 	0.83
148	-31  	4  	3  	1  	55.77 	0.01 	37.61 	1.50 	36.44 	1.50 	61.51 	1.50 	25.06 	1.50 	0.88 	37.61 	1.50
149	-31  	4  	6  	1  	10.87 	0.01 	32.05 	2.60 	31.02 	2.60 	23.45 	5.74 	54.47 	5.74 	0.35 	32.05 	2.60
150	-31  	4  	8  	1  	18.38 	0.01 	15.76 	3.88 	15.39 	3.88 	1.12 	0.74 	16.51 	0.74 	0.39 	15.75 	3.88
151	-31  	4  	9  	1  	37.76 	0.01 	53.74 	1.51 	52.16 	1.51 	15.59 	1.51 	36.57 	4.65 	0.90 	53.75 	1.51
152	-31  	4  	11  1  	33.11 	0.01 	33.91 	1.21 	31.90 	1.21 	23.40 	1.21 	8.50 	4.35 	0.84 	33.92 	1.21
153	-31  	4  	12  1  	46.39 	0.01 	23.01 	2.93 	21.64 	2.93 	53.18 	2.93 	31.54 	2.93 	0.81 	23.00 	2.93
154	-31  	4  	14  1  	66.27 	0.01 	61.79 	0.10 	57.80 	0.10 	72.14 	0.10 	14.34 	0.10 	0.98 	61.79 	0.10
155	-31  	5  	1  	1  	39.21 	0.01 	45.63 	4.90 	44.12 	4.91 	24.41 	4.91 	19.70 	1.76 	0.87 	45.65 	4.91
156	-31  	5  	3  	1  	90.58 	0.01 	85.01 	5.86 	83.09 	5.86 	93.98 	5.86 	10.89 	5.86 	0.98 	85.02 	5.86
157	-31  	5  	4  	1  	50.95 	0.01 	63.77 	2.84 	62.02 	2.84 	33.95 	2.84 	28.08 	5.98 	0.94 	63.78 	2.84
158	-31  	5  	5  	1  	47.03 	0.01 	50.51 	5.42 	49.15 	5.42 	37.36 	5.42 	11.79 	2.28 	0.92 	50.52 	5.42
159	-31  	5  	6  	1  	109.31 	0.01 	108.34 	4.57 	105.96 	4.57 	109.51 	4.57 	3.55 	4.57 	0.99 	108.32 	4.57
160	-31  	5  	7  	1  	45.23 	0.01 	37.81 	3.13 	37.08 	3.13 	43.93 	3.13 	6.85 	3.13 	0.90 	37.83 	3.13
161	-31  	5  	9  	1  	38.06 	0.01 	57.27 	3.03 	54.75 	3.03 	14.78 	3.03 	39.97 	6.18 	0.91 	57.26 	3.03
162	-31  	5  	10  1  	30.00 	0.01 	29.74 	1.94 	28.04 	1.94 	19.29 	1.94 	8.75 	5.08 	0.79 	29.73 	1.94
163	-31  	5  	11  1  	58.49 	0.01 	62.26 	5.15 	58.91 	5.15 	51.68 	5.15 	7.23 	2.01 	0.95 	62.26 	5.15
164	-31  	5  	12  1  	49.07 	0.01 	49.23 	4.94 	45.36 	4.94 	46.26 	4.94 	0.90 	4.94 	0.93 	49.23 	4.94
165	-31  	5  	13  1  	132.75 	0.01 	134.27 	5.49 	122.78 	5.49 	141.32 	5.49 	18.54 	5.49 	0.99 	134.27 	5.49
166	-31  	5  	14  1  	58.02 	0.01 	32.62 	4.09 	29.64 	4.09 	79.32 	4.09 	49.68 	4.09 	0.94 	32.62 	4.09
167	-31  	6  	1  	0  	54.24 	0.01 	31.67 	5.90 	30.22 	5.90 	30.22 	5.90 	0.00 	0.00 	0.00 	31.68 	5.90
168	-31  	6  	2  	1  	54.76 	0.01 	64.21 	5.92 	61.45 	5.92 	41.77 	5.92 	19.67 	2.78 	0.94 	64.20 	5.92
169	-31  	6  	4  	1  	32.83 	0.01 	45.61 	5.74 	43.90 	5.74 	10.98 	5.74 	32.92 	2.60 	0.84 	45.60 	5.74
170	-31  	6  	5  	1  	62.80 	0.01 	71.28 	5.73 	68.60 	5.73 	50.62 	5.73 	17.98 	2.59 	0.95 	71.28 	5.73
171	-31  	6  	7  	1  	56.56 	0.01 	21.16 	1.47 	20.25 	1.47 	72.54 	1.47 	52.29 	1.47 	0.82 	21.16 	1.47
172	-31  	6  	8  	1  	27.71 	0.01 	46.45 	0.83 	44.23 	0.83 	4.08 	0.83 	40.14 	3.97 	0.87 	46.44 	0.83
173	-31  	6  	9  	1  	78.23 	0.01 	85.81 	2.66 	80.51 	2.66 	71.98 	2.66 	8.53 	5.80 	0.97 	85.82 	2.66
174	-31  	6  	10 	1  	17.87 	0.01 	16.01 	4.02 	15.16 	4.02 	2.82 	0.88 	17.99 	0.88 	0.35 	16.02 	4.02
175	-31  	6  	11 	1  	17.09 	0.01 	29.70 	1.35 	27.40 	1.35 	5.64 	4.49 	33.05 	4.49 	0.64 	29.69 	1.35
176	-31  	6  	12 	1  	60.59 	0.01 	60.62 	3.91 	55.37 	3.91 	61.92 	3.91 	6.55 	3.91 	0.97 	60.62 	3.91
177	-31  	6  	13 	1  	45.57 	0.01 	55.23 	3.25 	51.21 	3.25 	36.59 	3.25 	14.62 	0.11 	0.96 	55.23 	3.25
178	-31  	7  	1  	0  	63.12 	0.01 	76.09 	3.94 	71.78 	3.94 	71.78 	3.94 	0.00 	0.00 	0.00 	76.09 	3.94
179	-31  	7  	2  	0  	82.75 	0.01 	59.86 	5.35 	56.13 	5.35 	56.13 	5.35 	0.00 	0.00 	0.00 	59.85 	5.35
180	-31  	7  	3  	1  	50.58 	0.01 	54.80 	6.09 	51.74 	6.09 	43.33 	6.09 	8.41 	2.94 	0.94 	54.80 	6.09
181	-31  	7  	4  	1  	86.58 	0.01 	56.71 	5.63 	53.72 	5.63 	113.78 	5.63 	60.05 	5.63 	0.97 	56.70 	5.63
182	-31  	7  	5  	1  	72.45 	0.01 	81.99 	0.70 	77.65 	0.70 	63.34 	0.70 	14.32 	3.84 	0.97 	81.98 	0.70
183	-31  	7  	6  	1  	88.37 	0.01 	91.30 	5.33 	86.14 	5.33 	87.00 	5.33 	0.85 	5.33 	0.98 	91.31 	5.33
184	-31  	7  	7  	1  	13.00 	0.01 	35.16 	3.69 	33.00 	3.69 	18.63 	0.54 	51.62 	0.54 	0.55 	35.16 	3.69
185	-31  	7  	8  	1  	65.90 	0.01 	83.70 	2.72 	79.04 	2.72 	48.20 	2.72 	30.84 	5.86 	0.97 	83.70 	2.72
186	-31  	7  	9  	1  	51.37 	0.01 	24.10 	5.42 	22.55 	5.42 	64.85 	5.42 	42.30 	5.42 	0.85 	24.10 	5.42
187	-31  	7  	10 	1  	23.64 	0.01 	31.23 	0.10 	28.70 	0.10 	6.40 	0.10 	22.30 	3.24 	0.74 	31.24 	0.10
188	-31  	7  	11 	1  	40.63 	0.01 	32.50 	1.76 	29.68 	1.76 	44.71 	1.76 	15.03 	1.76 	0.92 	32.50 	1.76
189	-31  	7  	12  1  	58.99 	0.01 	51.52 	5.29 	47.91 	5.29 	66.62 	5.29 	18.70 	5.29 	0.97 	51.52 	5.29
190	-31  	8  	1  	1  	87.62 	0.01 	86.38 	0.09 	79.54 	0.09 	92.05 	0.09 	12.51 	0.09 	0.98 	86.39 	0.09
191	-31  	8  	2  	1  	28.87 	0.01 	15.95 	2.34 	14.84 	2.34 	19.63 	2.34 	4.79 	2.34 	0.60 	15.96 	2.34
192	-31  	8  	4  	1  	70.07 	0.01 	61.06 	0.13 	57.51 	0.13 	76.50 	0.13 	18.99 	0.13 	0.96 	61.05 	0.13
193	-31  	8  	5  	1  	45.64 	0.01 	53.63 	5.09 	50.51 	5.09 	33.67 	5.09 	16.84 	1.95 	0.92 	53.64 	5.09
194	-31  	8  	6  	1  	39.22 	0.01 	25.21 	3.49 	23.62 	3.49 	39.23 	3.49 	15.61 	3.49 	0.80 	25.21 	3.49
195	-31  	8  	7  	0  	88.04 	0.01 	92.37 	0.35 	85.74 	0.35 	85.74 	0.35 	0.00 	0.00 	0.00 	92.36 	0.35
196	-31  	8  	8  	1  	23.57 	0.01 	26.04 	3.68 	23.93 	3.68 	8.44 	3.68 	15.49 	0.53 	0.69 	26.03 	3.68
197	-31  	8  	9  	1  	48.76 	0.01 	23.86 	4.26 	21.80 	4.26 	62.74 	4.26 	40.94 	4.26 	0.87 	23.86 	4.26
198	-31  	8  	10  0  	14.52 	0.01 	17.56 	3.75 	16.24 	3.75 	16.24 	3.75 	0.00 	0.00 	0.00 	17.56 	3.75
199	-31  	8  	11  1  	14.55 	0.01 	19.79 	1.78 	18.15 	1.78 	1.46 	4.92 	19.61 	4.92 	0.57 	19.79 	1.78
200	-31  	9  	1  	1  	43.78 	0.01 	18.84 	3.69 	17.46 	3.69 	60.42 	3.69 	42.95 	3.69 	0.89 	18.84 	3.69
