     h   k  l  FP    SIGFP  FC     PHIC FC_ALL PHIC_ALL FWT    PHWT DELFWT PHDELWT FOM  FC_ALL_LS PHIC_ALL_LS 
1   -24 0  23 49.03  40.86  44.83  0.00 38.88  0.00     24.32  0.00 14.56  3.14    0.64 44.84     0.00 
2   -24 0  24 50.00  40.91  63.42  3.14 47.15  3.14     20.01  3.14 27.14  0.00    0.67 63.46     3.14        
3   -24 1  23 59.93  22.70  59.23  1.29 51.33  1.29     48.20  1.29 3.14   4.43    0.83 59.23     1.29        
4   -24 1  24 75.46  19.09  83.41  5.79 61.43  5.79     72.33  5.79 10.91  5.79    0.89 83.39     5.79        
5   -24 2  23 54.50  25.43  77.18  3.98 66.75  3.98     24.21  3.98 42.55  0.84    0.83 77.17     3.98        
6   -24 2  24 72.76  20.01  29.91  1.54 21.50  1.54     65.34  1.54 43.85  1.54    0.60 29.92     1.54        
7   -24 3  23 80.88  29.99  74.17  4.20 64.01  4.20     74.51  4.20 10.50  4.20    0.86 74.20     4.20        
8   -23 0  23 57.00  35.29  73.90  3.14 70.16  3.14     38.87  3.14 31.29  0.00    0.96 73.90     3.14        
9   -23 0  24 53.44  38.04  26.39  0.00 23.66  6.28     30.47  6.28 6.81   6.28    0.51 26.38     6.28        
10  -23 0  25 31.73  63.46  22.21  0.00 17.51  0.00     10.68  3.14 28.19  3.14    0.11 22.21     0.00        
11  -23 1  21 81.24  27.98  74.49  1.95 72.11  1.95     71.85  1.95 0.26   5.09    0.89 74.56     1.95        
12  -23 1  22 120.21 12.65  94.24  5.08 82.98  5.08     150.02 5.08 67.04  5.08    0.97 94.23     5.08        
13  -23 1  23 73.29  27.15  34.37  1.74 32.45  1.74     70.96  1.74 38.50  1.74    0.71 34.33     1.74        
14  -23 1  24 52.54  27.17  67.54  6.02 60.23  6.02     22.89  6.02 37.34  2.88    0.79 67.50     6.02        
15  -23 1  25 73.44  28.11  57.16  4.88 44.74  4.88     66.37  4.88 21.64  4.88    0.76 57.19     4.88        
16  -23 2  21 47.85  47.85  55.92  4.72 51.80  4.72     12.72  1.58 64.52  1.58    0.41 56.01     4.72        
17  -23 2  22 57.86  24.41  42.04  2.93 37.92  2.93     44.65  2.93 6.73   2.93    0.71 42.08     2.93        
18  -23 2  23 47.97  28.96  23.28  3.53 21.66  3.53     15.08  3.53 6.58   0.38    0.38 23.22     3.53        
19  -23 2  24 53.46  27.18  65.38  6.18 57.37  6.18     26.62  6.18 30.74  3.04    0.79 65.38     6.18        
20  -23 2  25 78.00  18.14  31.51  2.48 24.07  2.48     86.02  2.48 61.95  2.48    0.71 31.51     2.48        
21  -23 3  22 60.60  28.04  105.77 0.74 99.06  0.74     8.69   0.74 90.37  3.88    0.89 105.82    0.74        
22  -23 3  23 59.76  28.98  51.51  1.66 48.25  1.66     40.15  1.66 8.09   4.80    0.74 51.48     1.66        
23  -23 3  24 45.32  31.73  56.51  5.12 49.06  5.12     6.59   5.12 42.46  1.98    0.61 56.54     5.12        
24  -23 3  25 67.14  36.29  64.34  1.53 47.20  1.53     37.06  1.53 10.14  4.67    0.63 64.35     1.53        
25  -23 5  22 52.54  30.80  68.16  0.72 66.29  0.72     13.97  0.72 52.32  3.86    0.76 68.20     0.72        
26  -23 5  23 59.85  27.21  74.76  3.90 69.82  3.90     31.18  3.90 38.64  0.76    0.84 74.77     3.90        
27  -23 5  24 57.19  29.96  42.58  1.96 35.92  1.96     31.65  1.96 4.27   5.10    0.59 42.52     1.96        
28  -23 6  22 42.61  38.08  78.81  4.12 73.55  4.12     19.18  0.98 92.73  0.98    0.64 78.85     4.12        
29  -23 6  23 51.74  30.86  32.32  2.23 28.44  2.23     20.99  2.23 7.45   5.37    0.48 32.34     2.23        
30  -23 6  24 44.53  37.26  20.09  1.11 15.62  1.11     0.06   4.25 15.68  4.25    0.17 20.09     1.11        
31  -23 7  22 68.99  21.79  62.50  3.86 59.30  3.86     61.98  3.86 2.68   3.86    0.88 62.48     3.86        
32  -23 7  23 53.62  28.17  55.95  0.44 48.34  0.44     28.07  0.44 20.26  3.58    0.71 55.97     0.44        
33  -23 8  23 44.59  33.67  33.94  0.90 27.29  0.90     3.16   0.90 24.13  4.04    0.34 33.94     0.90        
34  -22 0  20 11.68  178.81 21.78  0.00 24.24  0.00     24.04  3.14 48.27  3.14    0.01 22.00     0.00        
35  -22 0  21 55.78  37.78  39.33  0.00 31.08  6.28     39.98  6.28 8.90   6.28    0.64 39.20     6.28        
36  -22 0  22 63.04  30.62  23.83  3.14 23.57  3.14     61.42  3.14 37.85  3.14    0.67 23.81     3.14        
37  -22 0  24 37.00  52.34  30.39  3.14 29.70  3.14     8.09   0.00 37.79  0.00    0.29 30.36     3.14        
38  -22 0  25 57.80  34.32  67.97  0.00 62.56  6.28     46.65  6.28 15.91  3.14    0.94 67.95     6.28        
39  -22 0  26 61.46  32.54  63.34  3.14 50.81  3.14     59.49  3.14 8.68   3.14    0.90 63.29     3.14        
40  -22 1  20 75.48  18.87  116.83 0.15 115.48 0.14     27.99  0.14 87.49  3.28    0.95 116.86    0.14        
41  -22 1  21 80.08  17.99  93.02  1.64 82.57  1.84     68.11  1.84 14.46  4.98    0.94 92.86     1.65        
42  -22 1  22 58.55  25.22  81.17  0.47 80.68  0.47     22.02  0.47 58.66  3.61    0.88 81.05     0.47        
43  -22 1  23 110.00 14.43  103.97 5.13 86.60  5.13     125.19 5.13 38.59  5.13    0.96 104.03    5.13        
44  -22 1  24 84.83  18.05  82.89  1.58 80.73  1.58     78.97  1.58 1.76   4.72    0.94 82.88     1.58        
45  -22 1  25 52.39  28.00  92.31  3.35 84.56  3.35     4.45   3.35 80.11  0.21    0.85 92.34     3.35        
46  -22 1  26 39.77  33.44  38.94  4.45 31.01  4.45     3.43   1.30 34.45  1.30    0.35 38.92     4.45        
47  -22 2  20 31.46  56.63  45.91  4.37 38.18  4.33     28.08  1.18 66.26  1.18    0.16 45.70     4.37        
48  -22 2  21 56.70  32.40  50.70  2.16 46.86  2.19     28.29  2.19 18.56  5.33    0.66 50.66     2.16        
49  -22 2  22 107.22 14.42  51.73  2.35 52.28  2.35     149.36 2.35 97.09  2.35    0.94 51.77     2.35        
50  -22 2  23 71.25  23.45  28.98  1.88 24.52  1.88     67.08  1.88 42.55  1.88    0.64 28.93     1.88        
51  -22 2  24 42.43  32.50  85.63  6.14 82.37  6.14     19.09  3.00 101.46 3.00    0.75 85.64     6.14        
52  -22 2  25 73.18  18.97  78.35  2.38 70.59  2.37     64.34  2.37 6.24   5.52    0.92 78.36     2.37        
53  -22 2  26 37.97  37.07  30.53  4.18 23.79  4.19     6.60   1.04 30.39  1.04    0.23 30.55     4.18        
54  -22 3  20 89.03  19.78  125.88 5.61 125.33 5.63     45.57  5.63 79.76  2.49    0.96 126.00    5.61        
55  -22 3  21 45.92  36.02  33.06  6.21 31.44  6.16     3.98   6.16 27.47  3.02    0.39 33.05     6.21        
56  -22 3  22 45.97  37.86  53.45  2.58 54.53  2.58     3.71   5.72 58.25  5.72    0.55 53.49     2.58        
57  -22 3  23 62.26  27.97  85.59  4.45 74.68  4.45     31.65  4.45 43.02  1.30    0.85 85.50     4.45        
58  -22 3  24 76.77  24.38  73.86  2.70 69.56  2.70     68.47  2.70 1.10   5.84    0.90 73.89     2.70        
59  -22 3  25 97.62  14.46  112.82 6.19 98.87  6.19     90.16  6.19 8.72   3.05    0.97 112.85    6.19        
60  -22 3  26 76.88  21.71  42.95  3.44 32.11  3.44     81.74  3.44 49.62  3.44    0.74 42.94     3.44        
61  -22 4  21 95.50  20.72  92.03  3.06 87.83  3.06     93.06  3.06 5.23   3.06    0.95 92.09     3.06        
62  -22 4  22 36.98  46.00  27.97  6.02 25.79  6.02     12.42  2.88 38.21  2.88    0.18 28.01     6.02        
63  -22 4  23 55.98  29.79  58.11  2.83 53.48  2.83     28.49  2.83 24.99  5.97    0.73 58.16     2.83        
64  -22 5  21 63.12  26.15  117.90 3.28 114.06 3.28     1.87   3.28 112.19 0.14    0.92 117.93    3.28        
65  -22 5  22 139.92 13.54  147.02 5.56 117.01 5.56     156.73 5.56 39.73  5.56    0.98 146.99    5.56        
66  -22 5  23 62.35  26.20  54.97  1.38 53.98  1.38     46.09  1.38 7.89   4.52    0.80 54.95     1.38        
67  -22 5  24 63.31  25.32  14.14  4.70 13.42  4.70     32.75  4.70 19.33  4.70    0.36 14.15     4.70        
68  -22 5  25 55.22  30.78  42.47  2.94 36.57  2.94     27.36  2.94 9.21   6.08    0.58 42.44     2.94        
69  -22 6  21 88.45  18.95  139.93 4.32 143.50 4.32     27.75  4.32 115.75 1.18    0.97 139.96    4.32        
70  -22 6  22 74.09  23.49  79.21  5.86 67.57  5.86     64.46  5.86 3.11   2.72    0.89 79.22     5.86        
71  -22 6  23 89.55  18.99  70.32  0.70 67.84  0.70     98.93  0.70 31.09  0.70    0.93 70.28     0.70        
72  -22 6  24 49.79  32.59  48.69  4.13 44.50  4.12     14.69  4.12 29.81  0.98    0.59 48.68     4.12        
73  -22 6  25 36.24  45.30  37.34  5.22 30.14  5.22     15.18  2.08 45.32  2.08    0.21 37.37     5.22        
74  -22 7  21 52.41  28.01  46.21  4.96 40.07  4.96     25.80  4.96 14.27  1.82    0.63 46.21     4.96        
75  -22 7  22 44.33  33.47  52.59  1.82 49.15  1.82     0.94   1.82 48.21  4.96    0.56 52.65     1.82        
76  -22 7  23 57.05  26.26  27.88  4.96 26.15  4.96     37.13  4.96 10.98  4.96    0.55 27.90     4.96        
77  -22 7  24 63.45  23.57  64.92  2.59 56.31  2.59     51.70  2.59 4.60   5.73    0.85 64.92     2.59        
78  -22 7  25 64.41  23.59  52.65  6.09 38.25  6.08     53.19  6.08 14.94  6.08    0.71 52.63     6.08        
79  -22 8  22 57.98  25.37  40.03  4.56 39.14  4.56     42.96  4.56 3.82   4.56    0.71 40.03     4.56        
80  -22 8  24 61.72  25.41  55.86  4.03 47.36  4.03     48.05  4.03 0.70   4.03    0.77 55.88     4.03        
81  -22 9  21 70.69  22.66  33.49  5.72 31.89  5.72     73.03  5.72 41.14  5.72    0.74 33.45     5.72        
82  -22 9  22 9.98   144.26 28.54  4.94 26.81  4.93     26.68  1.79 53.50  1.79    0.01 28.56     4.93        
83  -22 9  23 53.59  27.25  37.49  5.50 32.53  5.50     31.88  5.50 0.65   2.36    0.60 37.49     5.50        
84  -22 9  24 50.91  29.09  64.83  2.87 48.16  2.86     16.80  2.86 31.36  6.01    0.64 64.80     2.86        
85  -22 10 1  141.75 10.44  178.70 2.90 164.46 2.87     114.71 2.87 49.75  6.01    0.98 178.78    2.90        
86  -22 10 22 70.89  22.72  41.90  3.31 38.21  3.31     75.42  3.31 37.21  3.31    0.80 41.84     3.31        
87  -22 10 23 73.69  23.65  65.66  5.34 54.31  5.34     71.34  5.34 17.02  5.34    0.85 65.61     5.34        
88  -22 11 1  67.96  21.78  98.73  5.55 88.85  5.55     34.54  5.55 54.32  2.41    0.91 98.83     5.55        
89  -22 12 1  137.95 11.35  78.46  4.31 75.27  4.31     192.65 4.31 117.38 4.31    0.97 78.40     4.30        
90  -22 13 1  142.64 12.25  136.54 4.96 130.93 4.93     149.44 4.93 18.51  4.93    0.98 136.34    4.95        
91  -22 14 1  64.04  21.05  57.20  0.73 57.65  0.57     53.91  0.57 3.74   3.71    0.87 57.25     0.72        
92  -21 0  18 45.57  42.89  24.82  3.14 23.61  3.14     9.21   3.14 14.41  0.00    0.36 24.94     3.14        
93  -21 0  19 64.42  32.21  59.75  0.00 54.02  0.00     63.69  0.00 9.67   0.00    0.91 59.76     0.00        
94  -21 0  20 69.87  30.46  90.14  0.00 84.85  6.28     54.24  6.28 30.61  3.14    1.00 90.07     6.28        
95  -21 0  21 65.46  32.28  15.76  3.14 15.56  3.14     46.39  3.14 30.83  3.14    0.47 16.01     3.14        
96  -21 0  22 66.42  33.21  26.99  0.00 28.37  0.00     68.15  0.00 39.78  0.00    0.73 27.04     0.00        
97  -21 0  23 115.89 17.97  102.43 0.00 97.70  6.28     134.08 6.28 36.38  6.28    1.00 102.41    6.28        
98  -21 0  24 90.80  21.58  66.09  3.14 53.12  3.14     127.92 3.14 74.80  3.14    1.00 66.02     3.14        
99  -21 0  25 50.38  37.79  45.76  0.00 45.13  6.28     30.07  6.28 15.06  3.14    0.75 45.76     6.28        
100 -21 0  26 44.11  43.21  35.26  0.00 32.38  6.28     10.13  6.28 22.24  3.14    0.48 35.24     6.28        
101 -21 0  27 85.56  27.92  88.67  3.14 69.66  3.14     100.81 3.14 31.16  3.14    1.00 88.57     3.14        
102 -21 1  19 75.16  17.90  96.62  3.90 88.26  3.91     51.13  3.91 37.13  0.77    0.93 96.71     3.90        
103 -21 1  20 65.40  20.60  42.99  3.45 40.69  3.45     63.84  3.45 23.15  3.45    0.80 43.12     3.45        
104 -21 1  21 77.12  17.94  62.43  4.76 61.22  4.76     79.40  4.76 18.18  4.76    0.91 62.26     4.76        
105 -21 1  22 76.30  18.85  83.90  3.22 77.69  3.35     63.89  3.35 13.80  0.21    0.93 83.88     3.23        
106 -21 1  23 35.94  39.53  19.95  2.03 19.21  2.03     7.00   5.17 26.21  5.17    0.17 20.04     2.03        
107 -21 1  24 64.74  22.48  42.45  5.00 34.37  5.00     59.76  5.00 25.39  5.00    0.73 42.44     5.00        
108 -21 1  25 58.48  24.29  86.82  1.92 85.31  1.91     18.46  1.91 66.84  5.06    0.89 86.85     1.91        
109 -21 1  26 44.11  30.61  59.71  5.71 54.59  5.71     3.34   5.71 51.25  2.56    0.66 59.73     5.71        
110 -21 1  27 58.54  23.42  132.57 2.12 103.53 2.12     2.14   2.12 101.39 5.27    0.90 132.63    2.12        
111 -21 2  19 64.44  27.75  75.47  3.67 69.23  3.65     37.14  3.65 32.09  0.51    0.83 75.66     3.66        
112 -21 2  20 116.49 18.82  121.49 4.87 116.22 4.87     109.41 4.87 6.81   1.73    0.97 121.52    4.87        
113 -21 2  21 31.40  56.51  48.30  5.49 47.72  5.49     35.17  2.35 82.89  2.35    0.20 48.24     5.49        
114 -21 2  22 56.57  32.32  52.78  3.49 48.69  3.58     26.97  3.58 21.72  0.44    0.67 52.76     3.49        
115 -21 2  23 44.93  31.45  73.41  5.29 71.59  5.29     5.53   2.15 77.12  2.15    0.74 73.41     5.29        
116 -21 2  24 69.25  19.79  56.26  3.42 46.38  3.42     70.96  3.42 24.58  3.42    0.85 56.19     3.42        
117 -21 2  25 83.70  16.20  90.21  5.88 87.54  5.88     71.51  5.88 16.03  2.74    0.95 90.25     5.88        
118 -21 2  26 57.63  23.41  57.45  2.06 51.62  2.06     42.58  2.06 9.03   5.20    0.82 57.41     2.06        
119 -21 2  27 52.25  27.03  38.11  1.29 29.06  1.29     22.91  1.29 6.15   4.43    0.50 38.12     1.29        
120 -21 3  19 65.37  24.18  50.59  3.01 43.90  3.01     54.21  3.01 10.31  3.01    0.75 50.46     3.01        
121 -21 3  20 76.20  24.21  71.33  5.64 68.33  5.64     67.48  5.64 0.85   2.50    0.89 71.32     5.64        
122 -21 3  21 70.00  24.23  43.11  3.38 43.26  3.37     68.13  3.37 24.87  3.37    0.80 43.20     3.38        
123 -21 3  22 63.78  26.05  39.67  0.71 45.94  0.67     53.31  0.67 7.37   0.67    0.78 39.84     0.71        
124 -21 3  23 53.05  31.47  37.39  5.06 37.44  5.06     22.77  5.06 14.67  1.92    0.57 37.34     5.06        
125 -21 3  25 84.64  20.71  40.46  5.73 38.40  5.73     106.31 5.73 67.91  5.73    0.85 40.45     5.73        
126 -21 3  26 63.96  21.62  26.66  4.28 23.30  4.28     59.67  4.28 36.37  4.28    0.65 26.64     4.28        
127 -21 4  19 113.79 17.92  152.22 3.82 135.40 3.82     85.29  3.82 50.11  0.68    0.97 151.90    3.82        
128 -21 4  20 62.79  25.12  74.89  1.82 71.87  1.82     37.20  1.82 34.67  4.96    0.87 74.79     1.82        
129 -21 4  21 71.84  23.35  39.05  4.50 36.76  4.42     74.05  4.42 37.29  4.42    0.77 39.02     4.50        
130 -21 4  22 43.15  38.65  44.51  5.22 47.50  5.27     6.96   2.13 54.47  2.13    0.47 44.66     5.22        
131 -21 4  23 56.68  29.69  62.82  2.49 63.76  2.49     25.48  2.49 38.28  5.63    0.79 62.83     2.49        
132 -21 4  24 89.14  19.81  129.13 5.04 114.81 5.04     56.00  5.04 58.81  1.90    0.96 129.11    5.04        
133 -21 5  22 47.68  34.19  55.51  3.58 52.82  3.58     5.65   3.58 47.17  0.44    0.61 55.53     3.58        
134 -21 5  23 86.44  18.91  81.58  3.31 72.43  3.31     88.27  3.31 15.84  3.31    0.93 81.57     3.31        
135 -21 5  24 39.65  39.65  39.19  5.76 37.26  5.77     10.23  2.62 47.50  2.62    0.34 39.13     5.77        
136 -21 5  25 76.64  24.35  62.42  4.07 59.05  4.07     75.39  4.07 16.34  4.07    0.88 62.42     4.07        
137 -21 5  26 78.49  25.26  68.93  1.76 59.42  1.76     77.44  1.76 18.02  1.76    0.87 68.96     1.76        
138 -21 6  19 70.91  22.44  56.57  2.47 54.20  2.47     67.90  2.47 13.70  2.47    0.86 56.46     2.48        
139 -21 6  20 76.39  24.26  69.73  0.69 69.70  0.68     66.62  0.68 3.07   3.83    0.89 69.78     0.68        
140 -21 6  21 62.08  26.09  35.94  2.83 34.64  2.61     50.02  2.61 15.38  2.61    0.68 35.94     2.83        
141 -21 6  22 71.14  22.51  97.11  1.18 94.91  1.18     36.99  1.18 57.92  4.32    0.93 96.99     1.18        
142 -21 6  23 52.28  30.64  64.65  1.63 52.95  1.63     18.61  1.63 34.34  4.77    0.68 64.67     1.63        
143 -21 6  24 70.36  22.55  29.46  1.94 28.93  1.94     71.44  1.94 42.52  1.94    0.71 29.43     1.94        
144 -21 6  25 41.52  38.81  53.83  1.12 49.72  1.12     10.74  4.27 60.46  4.27    0.47 53.82     1.12        
145 -21 6  26 65.02  25.29  42.00  0.11 33.75  0.11     53.85  0.11 20.10  0.11    0.67 41.97     0.11        
146 -21 7  19 36.85  36.85  49.42  3.85 47.88  3.85     15.75  0.71 63.64  0.71    0.44 49.49     3.85        
147 -21 7  20 62.08  23.39  97.97  0.64 87.88  0.55     23.79  0.55 64.09  3.69    0.90 97.89     0.64        
148 -21 7  21 74.76  24.32  106.48 3.85 98.66  3.84     40.09  3.84 58.58  0.70    0.93 106.38    3.85        
149 -21 7  22 42.37  35.16  56.03  0.15 55.67  0.15     7.42   3.29 63.08  3.29    0.57 56.07     0.15        
150 -21 7  23 52.34  27.97  69.68  1.74 61.75  1.74     19.76  1.74 42.00  4.88    0.78 69.63     1.74        
151 -21 7  24 41.54  36.12  84.30  4.45 78.58  4.45     22.01  1.30 100.59 1.30    0.68 84.33     4.45        
152 -21 7  25 24.40  61.45  39.62  5.65 34.40  5.65     29.52  2.51 63.92  2.51    0.10 39.62     5.65        
153 -21 7  26 44.31  33.45  47.09  4.82 34.12  4.82     0.94   4.82 33.18  1.68    0.40 47.08     4.82        
154 -21 8  20 77.48  18.92  81.73  2.73 77.66  2.62     66.55  2.62 11.12  5.76    0.93 81.73     2.73        
155 -21 8  21 62.23  24.35  90.16  5.29 87.37  5.29     24.56  5.29 62.81  2.15    0.90 90.12     5.29        
156 -21 8  22 59.59  25.28  48.18  2.23 38.56  2.23     44.32  2.23 5.75   2.23    0.70 48.17     2.23        
157 -21 8  23 57.83  25.30  36.60  4.30 36.35  4.30     42.04  4.30 5.69   4.30    0.68 36.65     4.30        
158 -21 8  24 53.35  28.03  69.41  4.33 65.99  4.33     19.24  4.33 46.75  1.19    0.80 69.41     4.33        
159 -21 8  25 65.15  23.53  49.54  0.36 42.58  0.36     59.70  0.36 17.12  0.36    0.78 49.54     0.36        
160 -21 9  20 74.90  24.36  85.08  3.11 80.76  3.14     55.65  3.14 25.12  6.28    0.91 85.08     3.11        
161 -21 9  21 59.62  24.39  25.34  3.91 24.31  3.91     42.65  3.91 18.34  3.91    0.56 25.28     3.91        
162 -21 9  22 48.83  30.74  47.69  5.62 42.45  5.62     15.52  5.62 26.93  2.48    0.59 47.67     5.62        
163 -21 9  23 43.44  34.39  38.92  3.89 36.40  3.89     2.07   3.89 34.33  0.75    0.44 38.92     3.89        
164 -21 9  24 52.53  28.08  23.68  4.50 20.72  4.50     23.17  4.50 2.45   4.50    0.42 23.67     4.50        
165 -21 9  25 72.50  23.56  67.96  0.23 51.34  0.23     68.39  0.23 17.05  0.23    0.83 67.96     0.23        
166 -21 10 1  178.22 8.69   158.17 5.60 147.93 5.60     204.56 5.60 56.63  5.60    0.99 158.07    5.60        
167 -21 10 20 64.18  22.60  51.23  2.42 51.89  2.42     56.10  2.42 4.21   2.42    0.84 51.25     2.42        
168 -21 10 21 73.30  23.53  68.67  3.44 57.20  3.44     69.53  3.44 12.33  3.44    0.86 68.62     3.44        
169 -21 10 22 67.03  22.64  56.95  0.25 56.15  0.25     58.81  0.25 2.66   0.25    0.86 56.93     0.25        
170 -21 10 23 67.09  22.66  85.67  1.33 81.06  1.33     40.62  1.33 40.44  4.47    0.91 85.66     1.33        
171 -21 10 24 76.21  24.50  76.56  3.83 65.34  3.83     69.30  3.83 3.96   3.83    0.88 76.48     3.83        
172 -21 11 1  99.29  15.68  113.92 1.80 109.44 1.80     82.17  1.80 27.27  4.94    0.96 113.63    1.79        
173 -21 11 23 62.67  23.62  44.28  2.34 38.35  2.33     57.08  2.33 18.73  2.33    0.76 44.27     2.33        
174 -21 11 24 92.72  20.00  56.93  0.40 41.30  0.40     116.59 0.40 75.29  0.40    0.85 56.90     0.40        
175 -21 12 1  134.42 11.35  110.84 1.37 100.80 1.36     160.88 1.36 60.08  1.36    0.97 110.77    1.37        
176 -21 13 1  72.61  17.50  84.50  5.90 75.97  5.90     56.98  5.90 18.99  2.76    0.92 84.45     5.90        
177 -21 14 1  131.55 13.15  135.44 0.65 130.08 0.65     128.14 0.65 1.93   3.79    0.98 135.31    0.65        
178 -21 15 1  50.12  26.38  43.01  4.44 34.11  4.23     24.26  4.23 9.85   1.08    0.58 42.86     4.44        
179 -21 16 1  55.55  23.81  78.88  5.31 72.54  5.28     23.56  5.28 48.99  2.14    0.86 78.76     5.31        
180 -21 17 1  28.30  45.99  16.99  4.90 15.56  4.90     10.77  1.76 26.33  1.76    0.08 16.97     4.91        
181 -21 18 1  63.88  20.41  53.45  0.24 50.82  0.23     57.83  0.23 7.02   0.23    0.85 53.49     0.23        
182 -21 19 1  30.27  43.62  43.66  5.01 41.37  5.01     25.75  1.87 67.12  1.87    0.26 43.64     5.01        
183 -21 20 1  55.39  24.12  46.49  3.77 39.50  3.77     38.68  3.77 0.82   0.63    0.71 46.46     3.77        
184 -21 20 5  55.11  24.39  25.28  5.48 21.96  5.48     35.49  5.48 13.53  5.48    0.52 25.27     5.48        
185 -21 20 6  64.31  20.83  35.82  2.37 31.11  2.37     66.19  2.37 35.08  2.37    0.76 35.80     2.37        
186 -21 20 7  59.02  21.79  45.98  2.75 39.90  2.75     52.64  2.75 12.74  2.75    0.78 45.97     2.75        
187 -21 20 8  62.80  20.02  53.97  1.31 46.73  1.31     59.38  1.31 12.66  1.31    0.84 53.95     1.31        
188 -21 21 5  58.94  21.76  64.49  1.18 45.85  1.18     43.07  1.18 2.78   4.32    0.75 64.53     1.18        
189 -21 21 6  63.64  20.91  62.59  4.59 44.37  4.59     54.27  4.59 9.90   4.59    0.77 62.54     4.59        
190 -20 0  17 64.08  29.37  58.18  3.14 59.57  3.14     62.39  3.14 2.82   3.14    0.95 58.22     3.14        
191 -20 0  18 140.79 17.82  125.82 0.00 125.19 0.00     156.39 0.00 31.19  0.00    1.00 126.75    0.00        
192 -20 0  19 31.22  62.44  38.28  3.14 37.19  3.14     22.66  0.00 59.86  0.00    0.23 38.43     3.14        
193 -20 0  20 78.58  25.90  58.97  3.14 54.42  3.14     100.07 3.14 45.65  3.14    0.98 58.95     3.14        
194 -20 0  21 68.82  29.50  103.71 3.14 93.01  3.14     44.12  3.14 48.89  0.00    1.00 103.53    3.14        
195 -20 0  22 85.87  27.73  35.18  3.14 33.99  3.14     127.40 3.14 93.41  3.14    0.94 35.53     3.14        
196 -20 0  23 69.82  31.33  47.45  0.00 27.18  6.28     77.47  6.28 50.29  6.28    0.75 47.23     6.28        
197 -20 0  24 61.81  30.45  34.82  3.14 32.96  3.14     67.24  3.14 34.28  3.14    0.81 34.86     3.14        
198 -20 0  25 84.24  26.89  42.45  0.00 34.36  0.00     122.36 0.00 88.00  0.00    0.93 42.48     0.00        
199 -20 0  26 72.62  25.10  59.75  3.14 58.20  3.14     85.87  3.14 27.67  3.14    0.99 59.78     3.14        
200 -20 0  27 68.16  26.91  61.01  0.00 54.38  6.28     79.78  6.28 25.40  6.28    0.98 60.96     6.28        
    
