    h  k  l  FP      SIGFP  FCalc   PHICalc 
1   -9 2  1  258.68  161.26 418.22 -1.66 
2   -9 3  1  101.44  380.25 120.16  -0.34   
3   -9 3  2  304.50  127.04 327.63  1.69    
4   -9 3  3  193.02  206.47 231.07  1.96    
5   -9 4  1  453.39  95.38  596.06  -2.48   
6   -9 4  2  378.37  131.05 477.15  2.78    
7   -9 4  3  218.54  182.23 230.45  -3.00   
8   -9 4  4  372.06  129.18 454.84  1.34    
9   -9 5  1  430.45  98.71  509.00  -1.92   
10  -9 5  2  378.28  131.02 425.49  1.09    
11  -9 5  3  724.71  70.59  595.16  -1.74   
12  -9 5  4  405.61  101.57 282.28  2.60    
13  -9 5  5  358.73  124.51 313.59  -2.27   
14  -9 6  2  178.00  252.56 151.70  0.21    
15  -9 6  3  303.78  135.09 404.47  -1.89   
16  -9 6  4  248.14  165.42 369.45  -1.47   
17  -9 6  5  857.87  63.25  1051.48 -1.84   
18  -9 6  6  426.82  97.62  437.32  -1.59   
19  -9 6  7  402.15  139.44 453.17  -2.38   
20  -9 7  8  535.65  82.87  511.39  -1.15   
21  -8 0  1  217.71  73.69  213.12  0.00    
22  -8 0  2  164.87  151.46 120.75  3.14    
23  -8 1  1  379.80  38.85  552.79  1.21    
24  -8 1  2  415.51  60.99  407.48  -0.95   
25  -8 2  1  616.21  26.79  564.07  -0.12   
26  -8 2  2  291.50  52.94  290.59  -0.88   
27  -8 2  3  363.39  87.16  506.91  -0.70   
28  -8 2  4  316.61  110.01 227.61  -0.91   
29  -8 3  1  280.61  52.24  253.64  -1.71   
30  -8 3  2  261.98  74.37  306.54  2.39    
31  -8 3  3  333.17  115.30 309.48  -1.76   
32  -8 3  4  201.88  151.58 99.55   0.23    
33  -8 3  5  267.75  124.14 340.56  -2.55   
34  -8 3  6  327.64  113.46 422.27  -2.79   
35  -8 4  1  210.92  66.29  453.91  0.56    
36  -8 4  2  206.33  97.14  199.51  -0.24   
37  -8 4  3  276.81  119.97 235.28  -1.79   
38  -8 4  4  214.59  154.90 316.21  -0.98   
39  -8 4  5  371.69  89.23  290.66  0.72    
40  -8 4  6  345.03  119.49 457.14  2.90    
41  -8 4  7  249.17  155.81 228.56  -1.72   
42  -8 5  1  237.65  61.59  274.43  -1.83   
43  -8 5  2  192.22  103.14 198.84  -1.18   
44  -8 5  3  294.17  112.57 154.90  -2.39   
45  -8 5  4  357.34  124.03 377.10  -1.17   
46  -8 5  5  380.32  88.54  409.21  1.45    
47  -8 5  6  373.81  89.93  548.26  -0.59   
48  -8 5  7  288.05  116.83 327.53  -1.88   
49  -8 6  1  570.85  48.18  594.73  -2.15   
50  -8 6  2  790.08  28.79  825.04  0.14    
51  -8 6  3  974.02  48.90  1049.31 2.61    
52  -8 6  4  337.12  116.62 399.35  1.07    
53  -8 6  5  321.20  112.66 402.99  2.34    
54  -8 6  6  278.43  130.16 256.94  0.35    
55  -8 7  1  590.73  46.16  655.83  3.04    
56  -8 7  2  629.84  61.58  591.31  1.10    
57  -8 7  3  334.83  115.85 265.33  2.59    
58  -8 7  4  366.49  127.30 376.89  -2.74   
59  -8 7  5  406.22  95.19  577.59  0.72    
60  -8 8  1  521.61  107.67 443.28  1.08    
61  -8 8  2  893.87  52.86  935.10  -2.64   
62  -8 8  3  430.42  90.37  611.71  1.28    
63  -8 8  4  393.13  98.45  459.93  -2.02   
64  -8 8  5  746.46  60.98  646.16  3.06    
65  -8 9  1  427.13  92.24  385.99  2.74    
66  -8 9  2  248.11  165.85 430.47  -2.89   
67  -8 9  3  442.27  93.00  583.99  -1.20   
68  -8 9  4  665.42  64.94  697.75  1.88    
69  -8 10 1  227.15  98.88  355.71  2.26    
70  -8 10 2  974.57  52.14  899.74  1.97    
71  -8 10 3  237.41  173.21 220.85  -1.64   
72  -8 11 1  566.24  54.75  547.18  1.33    
73  -8 12 1  280.28  98.10  325.80  -2.09   
74  -8 12 2  265.73  103.49 249.02  -2.49   
75  -8 13 1  300.10  104.03 302.12  -2.22   
76  -8 13 2  216.84  135.44 249.31  -0.97   
77  -8 14 1  197.92  148.61 304.02  1.52    
78  -8 14 2  237.36  148.68 312.32  -0.33   
79  -8 15 1  210.43  153.16 196.84  3.08    
80  -8 15 2  545.64  65.29  438.25  1.85    
81  -8 16 2  260.95  123.15 187.94  2.11    
82  -8 28 13 254.86  180.25 209.61  0.41    
83  -8 28 14 151.28  303.23 163.58  -0.47   
84  -8 29 10 311.33  155.33 351.17  1.15    
85  -7 0  2  201.83  126.31 305.52  3.14    
86  -7 0  3  370.40  77.56  298.09  3.14    
87  -7 0  4  191.97  137.12 109.77  3.14    
88  -7 1  1  337.34  42.75  419.35  -0.14   
89  -7 1  2  413.00  46.11  490.13  -2.34   
90  -7 1  3  1035.62 15.38  1078.21 0.20    
91  -7 1  4  854.81  42.81  826.03  -0.56   
92  -7 1  5  349.30  73.61  343.36  0.20    
93  -7 1  6  267.12  95.06  329.71  -2.24   
94  -7 2  1  404.10  31.39  631.59  2.58    
95  -7 2  2  214.50  52.79  235.15  -2.65   
96  -7 2  3  294.15  43.45  345.14  -2.72   
97  -7 2  4  266.86  94.97  267.42  3.08    
98  -7 2  5  319.17  79.62  370.35  -1.83   
99  -7 2  6  295.88  102.42 310.14  -2.87   
100 -7 2  7  296.02  102.47 319.16  0.04    
101 -7 3  1  218.39  66.12  201.55  -2.99   
102 -7 3  2  470.37  56.79  548.10  -0.04   
103 -7 3  3  463.89  53.47  426.89  1.33    
104 -7 3  4  225.36  141.10 269.32  1.08    
105 -7 3  5  486.38  58.21  367.99  0.37    
106 -7 3  6  215.52  134.53 131.32  -0.82   
107 -7 3  7  512.27  61.61  576.69  -1.60   
108 -7 4  1  317.17  54.75  210.50  -1.41   
109 -7 4  2  407.49  38.74  304.84  -0.67   
110 -7 4  3  267.32  48.79  231.86  -1.13   
111 -7 4  4  511.48  61.51  410.28  -2.59   
112 -7 4  5  286.96  99.67  360.52  -0.01   
113 -7 4  6  277.72  101.72 305.80  -1.97   
114 -7 5  1  192.93  63.42  293.97  -0.42   
115 -7 5  2  502.90  30.05  471.51  -1.80   
116 -7 5  3  662.80  22.72  441.95  2.21    
117 -7 5  4  586.23  56.82  581.27  0.12    
118 -7 5  5  458.76  70.22  676.84  2.56    
119 -7 6  1  183.53  71.41  128.80  1.86    
120 -7 6  2  297.11  59.42  247.66  3.09    
121 -7 6  3  267.85  114.89 189.16  -2.85   
122 -7 6  4  277.32  110.93 262.53  2.43    
123 -7 7  1  489.02  39.36  463.56  0.69    
124 -7 7  2  294.34  61.40  339.95  -0.21   
125 -7 7  3  451.38  87.47  505.92  -0.35   
126 -7 8  1  348.78  50.02  276.43  -2.28   
127 -7 8  2  586.44  37.36  508.31  0.62    
128 -7 8  3  286.34  71.42  248.33  1.65    
129 -7 9  1  786.57  56.66  888.60  -2.00   
130 -7 9  2  250.08  86.69  252.29  1.17    
131 -7 9  3  448.33  54.04  578.13  -2.82   
132 -7 10 1  331.13  65.96  448.57  1.30    
133 -7 10 2  593.89  43.33  627.87  2.25    
134 -7 10 3  386.09  59.35  279.10  1.45    
135 -7 11 1  153.15  140.50 210.84  0.81    
136 -7 11 2  405.03  61.95  343.41  -0.28   
137 -7 11 3  410.54  62.65  503.47  0.96    
138 -7 12 1  268.85  93.17  220.99  2.38    
139 -7 12 2  310.25  77.89  280.35  2.77    
140 -7 12 3  552.83  45.29  666.87  -2.85   
141 -7 13 1  537.35  52.54  616.39  -0.41   
142 -7 13 2  573.51  47.24  545.32  -0.87   
143 -7 13 3  981.78  38.61  1011.49 -1.55   
144 -7 18 18 296.44  140.88 304.02  1.53    
145 -7 19 15 143.86  287.04 276.64  1.28    
146 -7 19 16 396.47  137.26 329.78  -2.96   
147 -7 19 17 365.33  126.67 444.09  1.67    
148 -7 19 18 474.91  99.38  357.46  -0.68   
149 -7 19 19 129.47  323.00 272.61  2.19    
150 -7 20 10 319.90  122.78 323.24  -1.37   
151 -7 20 11 196.55  196.55 238.41  0.13    
152 -7 20 12 586.60  70.42  512.13  -0.54   
153 -7 20 13 431.36  90.39  418.83  1.07    
154 -7 20 14 405.64  140.98 232.44  -1.64   
155 -7 20 15 374.57  129.74 314.96  1.89    
156 -7 20 16 411.37  142.45 336.67  0.43    
157 -7 20 17 241.09  181.15 199.65  1.04    
158 -7 20 18 295.85  147.92 184.17  1.15    
159 -7 20 19 281.34  176.00 304.66  1.12    
160 -7 21 6  557.85  85.36  570.24  -1.43   
161 -7 21 7  554.79  84.74  649.93  -0.22   
162 -7 21 9  386.33  133.86 398.98  1.31    
163 -7 21 10 359.99  124.64 279.42  1.77    
164 -7 21 11 280.57  139.95 312.24  -2.74   
165 -7 21 12 270.75  169.22 174.45  -0.93   
166 -7 21 13 241.01  168.64 213.08  2.52    
167 -7 21 14 485.57  102.30 513.72  -2.94   
168 -7 21 15 395.43  136.91 247.44  -1.61   
169 -7 21 16 128.33  336.45 93.08   -2.76   
170 -7 21 17 240.16  180.29 182.55  -2.13   
171 -7 21 18 64.56   676.92 216.18  2.57    
172 -7 21 19 358.95  127.20 398.51  2.53    
173 -7 21 20 387.12  134.59 424.24  -1.63   
174 -7 22 2  863.05  57.40  802.00  2.41    
175 -7 22 3  558.45  85.15  556.97  -2.84   
176 -7 22 4  293.22  133.40 380.17  -0.18   
177 -7 22 5  511.38  79.94  642.57  2.20    
178 -7 22 6  608.11  72.71  515.23  0.91    
179 -7 22 7  349.16  121.02 383.16  2.12    
180 -7 22 8  443.93  93.29  440.54  -1.87   
181 -7 22 9  354.12  123.12 428.70  2.78    
182 -7 22 10 234.43  175.49 231.64  -1.73   
183 -7 22 11 293.50  140.46 288.90  -1.05   
184 -7 22 12 328.11  123.29 370.17  0.36    
185 -7 22 13 232.11  182.37 406.02  -1.54   
186 -7 22 14 398.10  138.01 478.72  1.29    
187 -7 22 15 512.48  107.54 353.93  -1.98   
188 -7 22 16 314.15  144.13 402.52  1.95    
189 -7 22 17 627.96  75.09  758.90  -2.53   
190 -7 22 19 572.73  87.81  656.13  -2.59   
191 -7 22 20 437.26  109.15 470.14  -2.48   
192 -7 22 21 370.24  128.52 431.90  0.56    
193 -7 23 1  418.31  97.50  416.62  -0.96   
194 -7 23 2  677.49  65.90  484.23  1.83    
195 -7 23 3  771.41  63.30  735.90  -0.81   
196 -7 23 4  919.51  54.75  838.54  0.12    
197 -7 23 5  197.31  207.21 231.38  -1.14   
198 -7 23 6  438.38  98.37  500.51  1.26    
199 -7 23 7  657.21  78.60  532.69  2.06    
200 -7 23 8  469.18  98.46  383.59  1.03    
    
