    h  k  l  FP     SIGFP  FC     PHIC FC_ALL PHIC_ALL FWT    PHWT DELFWT PHDELWT FOM  FC_ALL_LS PHIC_ALL_LS 
1   -9 2  1  215.90 134.59 358.02 4.60 312.19 4.60     34.81  4.60 277.37 1.46    0.80 319.99    4.60 
2   -9 3  1  84.67  317.36 104.39 5.97 62.56  6.25     58.32  3.10 120.88 3.10    0.03 69.55     6.18        
3   -9 3  2  254.14 106.03 277.61 1.68 287.68 1.64     159.53 1.64 128.15 4.78    0.88 287.86    1.65        
4   -9 3  3  161.10 172.33 192.45 1.98 191.49 2.11     61.10  5.25 252.59 5.25    0.40 193.69    2.09        
5   -9 4  1  378.41 79.61  498.62 3.81 457.30 3.74     273.87 3.74 183.43 0.60    0.97 471.90    3.75        
6   -9 4  2  315.80 109.38 411.31 2.78 350.13 2.74     230.12 2.74 120.01 5.88    0.92 364.99    2.74        
7   -9 4  3  182.40 152.09 198.55 3.29 184.68 3.20     0.90   3.20 183.78 0.05    0.51 191.42    3.20        
8   -9 4  4  310.54 107.82 383.88 1.34 332.58 1.25     234.97 1.25 97.61  4.39    0.91 348.70    1.25        
9   -9 5  1  359.27 82.39  435.58 4.35 411.51 4.41     276.82 4.41 134.69 1.26    0.96 432.32    4.41        
10  -9 5  2  315.72 109.35 355.74 1.10 318.46 1.11     255.59 1.11 62.86  4.25    0.91 335.48    1.11        
11  -9 5  3  604.87 58.92  513.05 4.53 471.34 4.56     719.36 4.56 248.02 4.56    0.98 499.10    4.56        
12  -9 5  4  338.53 84.77  243.24 2.58 215.18 2.63     399.71 2.63 184.53 2.63    0.91 229.41    2.64        
13  -9 5  5  299.40 103.92 272.71 4.02 278.67 4.03     257.50 4.03 21.17  0.89    0.90 306.82    4.03        
14  -9 6  2  148.57 210.80 124.43 0.25 114.09 0.21     64.47  3.35 178.56 3.35    0.17 123.84    0.20        
15  -9 6  3  253.54 112.75 334.54 4.42 294.82 4.46     144.44 4.46 150.38 1.32    0.87 319.93    4.47        
16  -9 6  4  207.10 138.07 313.49 4.81 250.11 4.83     44.93  4.83 205.18 1.69    0.71 269.97    4.84        
17  -9 6  5  716.00 52.79  890.61 4.44 813.23 4.44     608.26 4.44 204.97 1.30    0.99 887.95    4.44        
18  -9 6  6  356.24 81.47  364.77 4.70 324.95 4.89     348.16 4.89 23.21  4.89    0.94 354.89    4.82        
19  -9 6  7  335.64 116.38 383.59 3.90 322.52 3.94     285.29 3.94 37.23  0.79    0.91 364.14    3.92        
20  -9 7  8  447.07 69.17  428.58 5.13 437.58 5.22     432.23 5.22 5.34   2.08    0.97 441.78    5.17        
21  -8 0  1  181.70 61.50  185.70 0.00 175.82 0.00     177.18 0.00 1.36   0.00    0.97 190.24    0.00        
22  -8 0  2  137.60 126.42 106.21 3.14 88.19  3.14     26.67  3.14 61.52  0.00    0.42 96.25     3.14        
23  -8 1  1  317.00 32.43  487.83 1.20 379.15 1.22     236.88 1.22 142.28 4.36    0.97 415.56    1.22        
24  -8 1  2  346.80 50.90  352.16 5.33 299.18 5.39     366.24 5.39 67.05  5.39    0.96 326.46    5.39        
25  -8 2  1  514.31 22.36  499.93 6.16 454.17 6.21     560.79 6.21 106.62 6.21    0.99 494.68    6.21        
26  -8 2  2  243.30 44.19  255.22 5.44 199.23 5.36     247.33 5.36 48.10  5.36    0.92 219.57    5.36        
27  -8 2  3  303.30 72.75  446.70 5.58 320.56 5.78     250.76 5.78 69.80  2.64    0.94 356.66    5.76        
28  -8 2  4  264.26 91.82  196.99 5.37 159.38 5.06     268.27 5.06 108.89 5.06    0.81 176.01    5.09        
29  -8 3  1  234.20 43.60  223.69 4.58 139.03 4.43     270.51 4.43 131.48 4.43    0.87 157.51    4.45        
30  -8 3  2  218.66 62.07  265.94 2.39 173.03 2.46     204.21 2.46 31.18  2.46    0.86 195.62    2.45        
31  -8 3  3  278.08 96.24  267.12 4.54 239.79 4.39     249.29 4.39 9.50   4.39    0.88 263.55    4.40        
32  -8 3  4  168.50 126.51 79.93  0.18 121.64 6.01     22.22  6.01 99.41  2.87    0.43 128.38    6.04        
33  -8 3  5  223.47 103.61 295.71 3.74 212.08 3.78     146.15 3.78 65.93  0.64    0.80 241.84    3.78        
34  -8 3  6  273.46 94.70  370.00 3.49 346.12 3.54     156.54 3.54 189.58 0.40    0.92 384.91    3.54        
35  -8 4  1  176.04 55.33  398.50 0.57 263.83 0.51     53.18  0.51 210.65 3.65    0.90 301.19    0.51        
36  -8 4  2  172.21 81.07  178.69 6.03 140.52 0.22     98.54  0.22 41.97  3.36    0.69 155.83    0.17        
37  -8 4  3  231.04 100.13 206.07 4.48 191.00 4.65     176.40 4.65 14.60  1.51    0.80 210.74    4.63        
38  -8 4  4  179.10 129.29 276.79 5.30 200.30 5.49     22.00  5.49 178.31 2.35    0.62 228.34    5.46        
39  -8 4  5  310.22 74.48  258.44 0.72 222.74 0.65     344.87 0.65 122.13 0.65    0.91 250.29    0.66        
40  -8 4  6  287.97 99.73  408.57 2.88 324.17 2.94     200.77 2.94 123.41 6.08    0.91 362.94    2.94        
41  -8 4  7  207.96 130.05 204.12 4.54 152.85 4.53     83.56  4.53 69.29  1.39    0.57 160.19    4.53        
42  -8 5  1  198.35 51.40  240.45 4.45 173.24 4.37     171.33 4.37 1.91   1.23    0.87 198.55    4.38        
43  -8 5  2  160.43 86.09  168.09 5.11 103.58 4.68     67.83  4.68 35.74  1.54    0.53 120.29    4.75        
44  -8 5  3  245.52 93.96  135.09 3.89 112.31 3.17     222.16 3.17 109.85 3.17    0.68 123.15    3.26        
45  -8 5  4  298.24 103.52 329.06 5.13 264.79 5.02     265.29 5.02 0.50   5.02    0.89 298.64    5.03        
46  -8 5  5  317.43 73.90  365.34 1.44 292.72 1.54     302.27 1.54 9.55   1.54    0.94 325.24    1.55        
47  -8 5  6  311.99 75.06  479.33 5.70 422.39 5.77     173.53 5.77 248.86 2.63    0.96 476.70    5.80        
48  -8 5  7  240.42 97.51  286.15 4.40 241.83 4.43     167.94 4.43 73.89  1.29    0.85 259.24    4.48        
49  -8 6  1  476.45 40.22  519.09 4.13 435.59 4.06     500.14 4.06 64.55  4.06    0.98 487.72    4.05        
50  -8 6  2  659.43 24.03  722.96 0.13 601.81 0.14     706.39 0.14 104.58 0.14    0.99 671.89    0.14        
51  -8 6  3  812.95 40.82  923.78 2.61 792.51 2.59     823.87 2.59 31.36  2.59    0.99 886.24    2.58        
52  -8 6  4  281.38 97.33  352.04 1.08 295.65 1.09     211.92 1.09 83.73  4.23    0.90 326.09    1.09        
53  -8 6  5  268.09 94.03  353.79 2.35 313.06 2.34     172.98 2.34 140.08 5.48    0.91 355.06    2.33        
54  -8 6  6  232.38 108.63 218.67 0.35 178.65 0.35     166.73 0.35 11.91  3.49    0.74 171.57    0.37        
55  -8 7  1  493.04 38.53  571.21 3.04 499.75 3.05     471.17 3.05 28.58  6.19    0.98 561.31    3.06        
56  -8 7  2  525.68 51.40  516.38 1.10 438.36 1.13     592.98 1.13 154.61 1.13    0.98 476.40    1.16        
57  -8 7  3  279.46 96.69  230.95 2.55 205.35 2.58     270.62 2.58 65.27  2.58    0.85 236.49    2.63        
58  -8 7  4  305.88 106.25 332.45 3.55 279.82 3.50     265.32 3.50 14.50  0.36    0.89 286.07    3.38        
59  -8 7  5  339.05 79.45  501.50 0.73 442.10 0.73     206.90 0.73 235.19 3.87    0.96 523.03    0.74        
60  -8 8  1  435.36 89.86  384.70 1.10 337.21 1.09     489.67 1.09 152.46 1.09    0.95 404.78    0.91        
61  -8 8  2  746.05 44.12  805.03 3.64 704.23 3.64     776.07 3.64 71.84  3.64    0.99 743.17    3.67        
62  -8 8  3  359.24 75.42  529.44 1.29 464.39 1.28     227.80 1.28 236.59 4.42    0.96 488.32    1.17        
63  -8 8  4  328.12 82.17  398.98 4.27 351.18 4.27     266.95 4.27 84.23  1.13    0.94 363.43    4.31        
64  -8 8  5  623.02 50.89  554.85 3.06 508.85 3.05     719.95 3.05 211.09 3.05    0.99 599.69    3.02        
65  -8 9  1  356.50 76.99  328.65 2.75 295.97 2.72     375.32 2.72 79.34  2.72    0.94 314.58    2.65        
66  -8 9  2  207.08 138.43 367.35 3.40 329.52 3.41     3.95   0.26 333.47 0.26    0.79 343.77    3.43        
67  -8 9  3  369.14 77.62  506.34 5.08 474.81 5.07     237.74 5.07 237.08 1.93    0.97 532.01    5.05        
68  -8 9  4  555.38 54.20  599.81 1.87 551.83 1.87     542.80 1.87 9.04   5.01    0.99 584.33    1.86        
69  -8 10 1  189.59 82.53  302.64 2.25 268.99 2.29     59.66  2.29 209.33 5.43    0.87 267.23    2.32        
70  -8 10 2  813.41 43.52  772.38 1.96 747.59 1.97     869.10 1.97 121.51 1.97    0.99 781.97    1.98        
71  -8 10 3  198.15 144.57 185.23 4.62 163.78 4.59     42.39  4.59 121.40 1.44    0.52 162.75    4.57        
72  -8 11 1  472.60 45.70  469.94 1.34 421.20 1.37     506.36 1.37 85.15  1.37    0.98 426.97    1.37        
73  -8 12 1  233.93 81.88  278.29 4.17 186.95 4.07     211.12 4.07 24.17  4.07    0.85 202.26    4.09        
74  -8 12 2  221.78 86.37  211.26 3.78 225.74 3.84     156.84 3.84 68.90  0.69    0.86 227.33    3.83        
75  -8 13 1  250.47 86.83  252.44 4.09 249.34 4.04     195.07 4.04 54.27  0.90    0.89 274.61    4.03        
76  -8 13 2  180.99 113.05 209.77 5.31 192.65 5.29     53.29  5.29 139.36 2.15    0.68 210.39    5.28        
77  -8 14 1  165.19 124.03 257.88 1.51 173.99 1.47     10.29  1.47 163.70 4.61    0.56 223.21    1.50        
78  -8 14 2  198.11 124.10 261.62 5.97 200.53 6.03     66.92  6.03 133.60 2.89    0.68 239.26    6.00        
79  -8 15 1  175.63 127.83 160.04 3.09 106.28 3.03     32.16  3.03 74.11  6.17    0.39 135.05    3.06        
80  -8 15 2  455.41 54.49  365.95 1.85 299.48 1.90     583.07 1.90 283.59 1.90    0.97 338.69    1.88        
81  -8 16 2  217.80 102.79 155.95 2.08 160.50 2.24     156.30 2.24 4.20   5.39    0.73 169.88    2.22        
82  -8 28 13 212.71 150.44 154.49 0.41 130.49 0.32     61.34  0.32 69.15  3.47    0.45 155.25    0.39        
83  -8 28 14 126.27 253.08 117.27 5.83 70.53  5.34     54.22  2.19 124.76 2.19    0.06 113.37    5.78        
84  -8 29 10 259.84 129.65 253.45 1.15 188.43 1.31     194.87 1.31 6.43   1.31    0.74 252.38    1.18        
85  -7 0  2  168.45 105.42 275.52 3.14 216.54 3.14     88.70  3.14 127.85 0.00    0.91 188.41    3.14        
86  -7 0  3  309.15 64.73  273.13 3.14 261.30 3.14     356.91 3.14 95.61  3.14    1.00 364.90    3.14        
87  -7 0  4  160.22 114.45 93.45  3.14 107.96 3.14     79.75  3.14 28.22  0.00    0.59 180.24    3.14        
88  -7 1  1  281.55 35.68  371.65 6.14 328.56 6.11     210.02 6.11 118.55 2.97    0.96 396.44    6.05        
89  -7 1  2  344.70 38.49  442.21 3.96 380.72 4.03     287.82 4.03 92.90  0.89    0.97 441.99    4.22        
90  -7 1  3  864.36 12.83  975.42 0.20 816.31 0.19     904.42 0.19 88.11  0.19    1.00 856.85    0.16        
91  -7 1  4  713.45 35.73  757.40 5.73 640.22 5.72     774.75 5.72 134.53 5.72    0.99 685.51    5.70        
92  -7 1  5  291.54 61.44  323.88 0.20 199.47 0.27     330.16 0.27 130.70 0.27    0.91 97.11     0.59        
93  -7 1  6  222.94 79.34  298.94 4.04 242.61 3.84     146.91 3.84 95.70  0.70    0.87 258.47    3.61        
94  -7 2  1  337.28 26.20  566.78 2.59 494.04 2.52     166.14 2.52 327.89 5.66    0.98 581.60    2.36        
95  -7 2  2  179.03 44.06  214.25 3.63 174.35 3.66     131.46 3.66 42.89  0.52    0.85 170.93    3.74        
96  -7 2  3  245.51 36.27  305.11 3.59 221.60 3.54     233.44 3.54 11.84  3.54    0.93 159.61    3.38        
97  -7 2  4  222.73 79.27  245.12 3.10 223.31 3.03     160.33 3.03 62.97  6.17    0.86 270.32    2.93        
98  -7 2  5  266.39 66.46  330.07 4.46 249.78 4.47     237.81 4.47 11.97  1.32    0.92 224.17    4.47        
99  -7 2  6  246.95 85.48  286.12 3.43 240.38 3.43     192.18 3.43 48.19  0.28    0.88 253.43    3.42        
100 -7 2  7  247.06 85.52  291.74 0.04 251.26 0.09     184.44 0.09 66.82  3.23    0.88 269.55    0.12        
101 -7 3  1  182.27 55.18  174.42 3.25 157.92 3.35     139.14 3.35 18.78  0.21    0.81 194.50    3.51        
102 -7 3  2  392.59 47.40  498.44 6.24 410.80 6.27     353.19 6.27 57.61  3.12    0.97 419.58    0.04        
103 -7 3  3  387.18 44.63  382.21 1.32 348.17 1.28     401.87 1.28 53.70  1.28    0.97 415.88    1.23        
104 -7 3  4  188.09 117.77 243.99 1.08 202.82 1.22     52.43  1.22 150.39 4.36    0.68 218.02    1.41        
105 -7 3  5  405.95 48.58  322.28 0.37 301.90 0.36     480.65 0.36 178.75 0.36    0.96 354.01    0.36        
106 -7 3  6  179.88 112.29 112.73 5.49 43.67  5.71     29.37  5.71 14.30  2.57    0.20 17.84     0.75        
107 -7 3  7  427.56 51.42  516.30 4.69 469.37 4.76     366.40 4.76 102.97 1.62    0.98 516.11    4.79        
108 -7 4  1  264.72 45.70  191.93 4.89 181.85 4.90     298.72 4.90 116.87 4.90    0.91 222.50    4.90        
109 -7 4  2  340.10 32.34  272.84 5.60 228.65 5.70     418.42 5.70 189.77 5.70    0.95 244.01    5.83        
110 -7 4  3  223.12 40.72  211.08 5.16 161.38 5.14     231.52 5.14 70.14  5.14    0.88 150.26    5.11        
111 -7 4  4  426.90 51.34  368.33 3.70 329.43 3.76     496.68 3.76 167.25 3.76    0.97 369.50    3.81        
112 -7 4  5  239.50 83.18  324.43 6.26 281.37 6.25     147.50 6.25 133.87 3.11    0.90 303.87    6.24        
113 -7 4  6  231.79 84.90  271.10 4.35 237.33 4.20     164.10 4.20 73.23  1.06    0.87 258.31    4.12        
114 -7 5  1  161.02 52.93  264.22 5.82 167.11 5.77     92.42  5.77 74.69  2.63    0.81 122.66    5.67        
115 -7 5  2  419.73 25.08  428.31 4.48 386.95 4.48     434.33 4.48 47.38  4.48    0.98 433.37    4.48        
116 -7 5  3  553.20 18.96  397.10 2.23 364.13 2.38     723.73 2.38 359.61 2.38    0.98 414.85    2.48        
117 -7 5  4  489.28 47.42  519.19 0.13 476.00 0.11     484.36 0.11 8.36   0.11    0.98 529.67    0.10        
118 -7 5  5  382.89 58.61  603.20 2.55 470.89 2.54     273.87 2.54 197.02 5.69    0.97 475.72    2.54        
119 -7 6  1  153.18 59.60  113.77 1.85 136.11 2.02     82.92  2.02 53.19  5.16    0.71 168.93    2.08        
120 -7 6  2  247.98 49.60  222.53 3.10 232.24 2.99     224.12 2.99 8.12   6.13    0.92 271.35    2.94        
121 -7 6  3  223.56 95.89  170.26 3.43 124.15 3.21     171.22 3.21 47.07  3.21    0.66 123.67    3.07        
122 -7 6  4  231.46 92.59  232.38 2.45 212.38 2.62     172.55 2.62 39.83  5.76    0.83 231.50    2.68        
123 -7 7  1  408.15 32.85  423.73 0.70 396.87 0.69     401.17 0.69 4.30   0.69    0.98 427.27    0.69        
124 -7 7  2  245.66 51.25  308.26 6.07 311.13 6.25     151.37 6.25 159.76 3.11    0.94 342.34    0.01        
125 -7 7  3  376.74 73.01  452.08 5.93 395.62 6.08     328.61 6.08 67.01  2.93    0.96 416.70    6.11        
126 -7 8  1  291.10 41.75  248.80 4.00 244.32 4.15     306.23 4.15 61.92  4.15    0.95 257.04    4.17        
127 -7 8  2  489.46 31.18  448.32 0.63 418.73 0.62     544.03 0.62 125.30 0.62    0.98 436.50    0.62        
128 -7 8  3  238.99 59.61  216.61 1.62 201.51 1.87     227.72 1.87 26.21  1.87    0.90 209.74    1.89        
129 -7 9  1  656.50 47.29  793.91 4.27 678.95 4.28     622.46 4.28 56.49  1.14    0.99 704.31    4.29        
130 -7 9  2  208.72 72.36  214.46 1.16 150.19 1.18     184.57 1.18 34.37  1.18    0.80 155.33    1.18        
131 -7 9  3  374.19 45.10  507.92 3.47 475.57 3.52     256.58 3.52 218.99 0.38    0.98 496.60    3.52        
132 -7 10 1  276.37 55.05  400.14 1.30 311.86 1.23     212.30 1.23 99.56  4.37    0.95 332.90    1.23        
133 -7 10 2  495.68 36.16  554.43 2.24 405.49 2.20     568.58 2.20 163.08 2.20    0.98 434.28    2.20        
134 -7 10 3  322.25 49.53  249.36 1.45 249.21 1.22     361.86 1.22 112.65 1.22    0.95 265.65    1.23        
135 -7 11 1  127.83 117.27 191.41 0.78 136.07 0.97     31.68  4.11 167.74 4.11    0.41 150.97    0.95        
136 -7 11 2  338.05 51.71  303.20 6.02 282.13 6.13     363.72 6.13 81.59  6.13    0.96 307.43    6.12        
137 -7 11 3  342.65 52.29  439.40 0.96 368.36 0.92     293.74 0.92 74.62  4.06    0.97 405.86    0.93        
138 -7 12 1  224.39 77.76  193.23 2.41 193.51 2.47     188.53 2.47 4.98   5.61    0.85 213.60    2.46        
139 -7 12 2  258.94 65.01  247.25 2.79 213.25 2.89     255.61 2.89 42.36  2.89    0.91 239.79    2.88        
140 -7 12 3  461.41 37.80  585.57 3.44 497.81 3.46     410.55 3.46 87.26  0.32    0.98 560.09    3.46        
141 -7 13 1  448.49 43.85  535.66 5.86 469.08 5.85     410.61 5.85 58.47  2.71    0.98 527.68    5.83        
142 -7 13 2  478.67 39.43  480.29 5.40 429.01 5.38     510.23 5.38 81.22  5.38    0.98 501.41    5.34        
143 -7 13 3  819.43 32.22  877.57 4.73 756.92 4.73     872.38 4.73 115.46 4.73    0.99 815.85    4.72        
144 -7 18 18 247.42 117.58 242.13 1.50 223.10 1.52     174.49 1.52 48.61  4.67    0.80 232.03    1.54        
145 -7 19 15 120.07 239.58 219.03 1.29 188.31 1.34     145.50 4.48 333.82 4.48    0.18 201.93    1.31        
146 -7 19 16 330.90 114.57 266.20 3.31 240.93 3.32     339.24 3.32 98.30  3.32    0.88 249.71    3.32        
147 -7 19 17 304.92 105.72 354.96 1.65 314.23 1.64     240.91 1.64 73.33  4.78    0.91 342.84    1.64        
148 -7 19 18 396.38 82.95  279.70 5.60 357.01 5.51     401.27 5.51 44.26  5.51    0.96 299.86    5.58        
149 -7 19 19 108.06 269.59 220.10 2.19 168.64 2.32     143.48 5.46 312.11 5.46    0.12 205.64    2.22        
150 -7 20 10 267.00 102.48 264.71 4.91 262.87 4.88     209.86 4.88 53.01  1.73    0.89 260.48    4.82        
151 -7 20 11 164.04 164.04 199.34 0.11 197.77 0.14     47.29  3.28 245.06 3.28    0.46 190.58    0.20        
152 -7 20 12 489.60 58.77  415.19 5.73 414.68 5.71     544.59 5.71 129.91 5.71    0.98 410.15    5.71        
153 -7 20 13 360.03 75.44  340.72 1.07 344.99 1.04     343.29 1.04 1.69   4.18    0.96 340.21    1.05        
154 -7 20 14 338.56 117.66 180.30 4.63 168.54 4.64     380.66 4.64 212.11 4.64    0.81 174.64    4.64        
155 -7 20 15 312.63 108.28 249.91 1.88 224.61 1.88     319.05 1.88 94.45  1.88    0.87 236.99    1.88        
156 -7 20 16 343.34 118.89 273.19 0.44 258.61 0.33     347.96 0.33 89.35  0.33    0.88 275.10    0.41        
157 -7 20 17 201.22 151.19 159.42 1.05 165.62 1.18     39.72  1.18 125.90 4.32    0.51 162.50    1.08        
158 -7 20 18 246.92 123.46 147.79 1.13 151.70 1.10     180.13 1.10 28.42  1.10    0.67 149.65    1.08        
159 -7 20 19 234.81 146.90 242.00 1.12 237.38 1.12     98.85  1.12 138.52 4.26    0.72 245.21    1.10        
160 -7 21 6  465.60 71.25  459.38 4.84 459.03 4.83     451.08 4.83 7.95   1.68    0.98 458.08    4.80        
161 -7 21 7  463.05 70.73  528.50 6.05 532.85 6.06     375.54 6.06 157.32 2.91    0.98 545.50    6.11        
162 -7 21 9  322.44 111.72 323.52 1.31 331.61 1.34     258.81 1.34 72.80  4.48    0.92 326.43    1.33        
163 -7 21 10 300.46 104.03 224.07 1.77 240.21 1.80     290.06 1.80 49.86  1.80    0.88 230.25    1.78        
164 -7 21 11 234.17 116.81 245.02 3.54 257.51 3.54     129.04 3.54 128.48 0.40    0.83 255.67    3.54        
165 -7 21 12 225.98 141.24 139.28 5.40 131.67 5.39     98.34  5.39 33.33  2.25    0.51 139.08    5.39        
166 -7 21 13 201.15 140.75 164.42 2.50 133.22 2.43     56.64  2.43 76.58  5.57    0.47 148.62    2.45        
167 -7 21 14 405.28 85.38  404.32 3.34 386.11 3.35     391.53 3.35 5.42   3.35    0.96 408.23    3.34        
168 -7 21 15 330.04 114.27 196.45 4.71 169.09 5.09     368.98 5.09 199.89 5.09    0.82 191.31    4.77        
169 -7 21 16 107.11 280.81 69.45  3.52 64.99  3.61     56.11  0.47 121.09 0.47    0.04 65.93     3.58        
170 -7 21 17 200.45 150.47 146.83 4.11 146.46 4.11     42.05  4.11 104.41 0.97    0.47 154.63    4.14        
171 -7 21 18 53.89  564.98 167.37 2.56 158.71 2.56     157.28 5.70 315.99 5.70    0.01 168.25    2.59        
172 -7 21 19 299.59 106.16 310.94 2.52 321.89 2.52     224.38 2.52 97.51  5.66    0.91 312.58    2.52        
173 -7 21 20 323.10 112.34 331.30 4.66 338.54 4.67     253.79 4.67 84.76  1.53    0.92 334.91    4.67        
174 -7 22 2  720.33 47.91  649.22 2.40 640.38 2.37     789.36 2.37 148.98 2.37    0.99 632.94    2.37        
175 -7 22 3  466.10 71.07  453.08 3.43 447.76 3.42     462.38 3.42 14.62  3.42    0.98 443.49    3.42        
176 -7 22 4  244.73 111.34 300.81 6.09 308.06 6.12     121.16 6.12 186.91 2.98    0.88 302.77    6.11        
177 -7 22 5  426.81 66.72  517.88 2.20 566.80 2.17     270.19 2.17 296.61 5.31    0.98 541.27    2.18        
178 -7 22 6  507.55 60.69  410.99 0.92 410.49 0.90     583.20 0.90 172.72 0.90    0.98 407.07    0.91        
179 -7 22 7  291.42 101.00 299.97 2.11 297.55 2.19     231.23 2.19 66.32  5.33    0.91 298.97    2.16        
180 -7 22 8  370.52 77.86  355.25 4.44 364.17 4.41     345.60 4.41 18.57  1.27    0.96 373.67    4.41        
181 -7 22 9  295.56 102.76 352.18 2.79 315.01 2.82     223.75 2.82 91.27  5.96    0.91 316.18    2.85        
182 -7 22 10 195.66 146.47 180.48 4.55 163.28 4.70     37.52  4.70 125.75 1.55    0.51 177.85    4.72        
183 -7 22 11 244.97 117.23 224.08 5.22 204.87 5.54     177.79 5.54 27.08  2.40    0.78 221.60    5.31        
184 -7 22 12 273.86 102.90 290.59 0.38 316.47 0.20     178.63 0.20 137.84 3.34    0.90 298.77    0.34        
185 -7 22 13 193.73 152.22 320.13 4.75 308.17 4.42     30.92  1.28 339.09 1.28    0.72 317.40    4.67        
186 -7 22 14 332.27 115.19 372.15 1.28 390.80 1.30     225.09 1.30 165.71 4.44    0.93 388.28    1.31        
187 -7 22 15 427.74 89.76  281.29 4.30 280.07 4.30     528.03 4.30 247.96 4.30    0.94 280.67    4.33        
188 -7 22 16 262.20 120.29 317.83 1.95 300.68 1.95     154.67 1.95 146.00 5.09    0.87 330.47    1.95        
189 -7 22 17 524.12 62.67  588.84 3.75 596.33 3.75     437.07 3.75 159.26 0.61    0.99 582.57    3.75        
190 -7 22 19 478.02 73.29  502.85 3.70 487.62 3.70     447.95 3.70 39.66  0.55    0.98 509.32    3.70        
191 -7 22 20 364.95 91.10  357.53 3.80 338.32 3.80     353.68 3.80 15.36  3.80    0.95 359.36    3.80        
192 -7 22 21 309.01 107.27 327.67 0.56 359.11 0.49     213.23 0.49 145.88 3.64    0.93 337.36    0.55        
193 -7 23 1  349.13 81.37  324.94 5.33 306.30 5.36     352.49 5.36 46.20  5.36    0.94 322.77    5.37        
194 -7 23 2  565.46 55.01  387.47 1.82 375.61 1.83     733.43 1.83 357.82 1.83    0.98 406.56    1.83        
195 -7 23 3  643.85 52.83  587.55 5.47 545.44 5.47     727.67 5.47 182.23 5.47    0.99 574.53    5.46        
196 -7 23 4  767.45 45.69  673.14 0.12 626.05 0.12     897.27 0.12 271.21 0.12    0.99 691.34    0.12        
197 -7 23 5  164.68 172.95 183.96 5.15 164.54 5.16     45.89  2.02 210.43 2.02    0.36 174.55    5.17        
198 -7 23 6  365.89 82.10  401.21 1.25 380.39 1.23     319.40 1.23 60.99  4.37    0.96 408.88    1.24        
199 -7 23 7  548.53 65.60  422.53 2.05 444.99 2.06     630.62 2.06 185.63 2.06    0.98 441.81    2.05        
200 -7 23 8  391.59 82.18  312.36 1.03 307.05 1.19     436.30 1.19 129.24 1.19    0.95 316.33    1.06        
    
