h 	k 	l 	FREE 	FP 	  SIGFP  FC    PHIC  FC_ALL PHIC_ALL FWT 	PHWT DELFWT PHDELWT FOM FC_ALL_LS PHIC_ALL_LS 	
1   -38 0  5  1      245.01 105.55 329.31 3.14 267.46 3.14     205.80 3.14 61.66 0.00     0.97 328.57    3.14 
2   -38 0  6  1    192.49 120.53 6.92   3.14 5.63   3.14     5.88   3.14 0.24   3.14    0.03 1.11      3.14        
3   -38 0  8  1    168.57 160.99 342.85 3.14 280.46 3.14     26.26  0.00 306.72 0.00    0.75 341.21    3.14        
4   -38 0  9  1    184.58 84.11  93.42  0.00 76.40  6.28     88.89  6.28 12.49  6.28    0.45 88.06     6.28        
5   -38 0  10 1    398.91 54.82  401.55 0.00 327.91 6.28     469.86 6.28 141.95 6.28    1.00 400.42    6.28        
6   -38 0  11 1    279.94 90.54  214.86 3.14 174.97 3.14     344.69 3.14 169.72 3.14    0.93 211.81    3.14        
7   -38 0  12 1    245.53 114.76 103.14 3.14 83.65  3.14     180.41 3.14 96.76  3.14    0.54 110.21    3.14        
8   -38 1  4  0    150.53 88.80  135.29 1.72 109.29 1.72     109.29 1.72 0.00   0.00    0.00 136.38    1.74        
9   -38 1  5  1    249.84 43.34  127.56 4.02 103.55 4.02     251.22 4.02 147.67 4.02    0.71 122.66    4.08        
10  -38 1  6  1    177.82 84.29  65.30  2.06 53.21  2.06     37.46  2.06 15.75  5.20    0.25 64.94     2.04        
11  -38 1  7  1    160.38 121.00 45.87  1.84 37.48  1.84     0.14   4.98 37.62  4.98    0.12 52.06     1.87        
12  -38 1  10 1    122.14 137.30 165.66 0.68 135.23 0.68     70.03  3.82 205.26 3.82    0.27 162.36    0.72        
13  -38 1  12 1    261.79 34.72  128.98 1.38 104.56 1.38     286.46 1.38 181.91 1.38    0.75 130.01    1.37        
14  -38 1  13 1    156.48 33.43  120.67 3.22 97.29  3.22     77.59  3.22 19.70  0.08    0.56 118.68    3.17        
15  -38 2  5  1    351.97 76.72  275.79 3.34 223.64 3.34     401.94 3.34 178.30 3.34    0.89 281.62    3.33        
16  -38 2  6  1    234.04 46.76  152.82 6.15 124.37 6.15     219.57 6.15 95.21  6.15    0.73 147.21    6.19        
17  -38 2  7  1    249.45 75.12  141.33 2.12 115.30 2.12     208.68 2.12 93.39  2.12    0.65 134.75    2.08        
18  -38 2  8  0    88.83  115.22 220.38 2.01 179.98 2.01     179.98 2.01 0.00   0.00    0.00 216.29    2.02        
19  -38 2  9  1    95.16  133.64 131.25 1.13 107.16 1.13     74.03  4.27 181.19 4.27    0.17 117.09    1.18        
20  -38 2  10 1    300.61 25.01  201.78 5.36 164.52 5.36     361.04 5.36 196.51 5.36    0.87 206.74    5.37        
21  -38 2  12 0    118.79 108.21 62.49  2.94 50.61  2.94     50.61  2.94 0.00   0.00    0.00 69.36     2.78        
22  -38 2  13 1    53.15  267.12 143.44 0.29 115.52 0.29     111.51 3.44 227.03 3.44    0.04 144.76    0.23        
23  -38 3  5  1    173.49 215.78 92.36  0.05 74.75  0.05     35.47  3.19 110.22 3.19    0.11 93.27     0.04        
24  -38 3  7  1    170.89 169.34 78.67  4.98 64.06  4.98     17.09  1.84 81.15  1.84    0.14 80.30     5.06        
25  -38 3  8  1    185.42 72.08  206.38 0.57 168.22 0.57     87.00  0.57 81.21  3.71    0.69 203.09    0.60        
26  -38 3  11 1    138.79 184.16 68.84  0.19 55.85  0.19     31.74  3.33 87.59  3.33    0.09 65.58     0.16        
27  -38 4  5  1    310.11 48.12  349.36 3.34 281.94 3.34     292.16 3.34 10.22  3.34    0.93 351.00    3.32        
28  -38 4  7  1    283.61 61.59  313.86 1.98 254.83 1.98     252.27 1.98 2.55   5.13    0.89 311.35    1.98        
29  -38 4  8  1    240.64 41.76  203.79 5.67 165.64 5.67     231.23 5.67 65.58  5.67    0.82 205.52    5.70        
30  -38 4  9  1    184.59 60.04  114.10 5.72 92.72  5.72     96.72  5.72 4.00   5.72    0.51 105.54    5.69        
31  -38 4  11 1    93.10  121.27 275.09 5.24 222.59 5.24     151.49 2.10 374.08 2.10    0.38 276.29    5.28        
32  -38 4  12 1    118.13 134.38 216.59 2.06 174.53 2.06     93.25  5.20 267.78 5.20    0.34 212.68    2.01        
33  -38 5  6  1    98.73  204.39 43.16  1.74 34.84  1.74     28.30  4.88 63.14  4.88    0.03 42.36     1.76        
34  -38 5  8  1    352.86 97.54  94.06  6.19 76.18  6.19     316.65 6.19 240.46 6.19    0.56 95.75     6.13        
35  -38 5  9  1    43.94  198.66 155.28 4.63 125.74 4.63     120.88 1.49 246.62 1.49    0.06 165.27    4.64        
36  -38 5  11 1    304.55 65.68  131.69 1.35 106.17 1.35     340.95 1.35 234.78 1.35    0.73 127.65    1.33        
37  -38 6  7  1    241.02 81.37  149.12 1.86 120.10 1.86     193.16 1.86 73.06  1.86    0.65 143.67    1.85        
38  -38 6  8  1    121.94 245.96 109.15 1.17 88.02  1.17     69.53  4.32 157.55 4.32    0.08 113.98    1.14        
39  -38 6  10 1    273.26 35.55  125.35 4.15 100.89 4.15     314.25 4.15 213.36 4.15    0.76 115.79    4.19        
40  -37 0  1  1    366.22 79.18  198.04 0.00 159.68 0.00     555.33 0.00 395.66 0.00    0.98 198.91    0.00        
41  -37 1  1  1    296.66 55.18  222.37 0.85 179.23 0.85     334.34 0.85 155.11 0.85    0.87 223.31    0.86        
42  -37 1  2  1    142.95 69.73  93.45  4.24 75.98  4.24     18.34  4.24 57.64  1.10    0.33 112.14    4.17        
43  -37 1  3  1    201.36 55.17  183.01 4.35 149.86 4.35     138.78 4.35 11.09  1.20    0.72 183.36    4.33        
44  -37 1  4  1    190.94 55.31  207.92 4.12 171.27 4.12     108.29 4.12 62.98  0.98    0.73 190.75    4.14        
45  -37 1  5  1    77.10  234.36 258.24 1.55 215.95 1.55     196.77 4.70 412.72 4.70    0.12 280.02    1.55        
46  -37 1  6  1    225.93 39.24  168.43 3.54 143.30 3.54     205.55 3.54 62.24  3.54    0.77 166.58    3.51        
47  -37 1  7  1    267.58 201.14 364.55 4.65 313.49 4.65     22.56  4.65 290.93 1.51    0.63 371.01    4.67        
48  -37 1  8  1    112.89 70.13  266.09 1.77 229.75 1.77     86.89  4.91 316.64 4.91    0.63 264.01    1.77        
49  -37 1  9  0    305.60 49.97  403.77 0.92 347.75 0.92     347.75 0.92 0.00   0.00    0.00 399.17    0.92        
50  -37 1  11 1    310.19 47.41  186.89 4.45 157.02 4.45     367.20 4.45 210.19 4.45    0.84 186.35    4.47        
51  -37 1  12 1    102.51 96.56  167.30 3.42 138.00 3.42     72.64  0.28 210.64 0.28    0.32 172.35    3.44        
52  -37 1  14 1    153.45 35.05  211.12 1.46 171.93 1.46     51.24  1.46 120.70 4.61    0.73 200.42    1.48        
53  -37 2  1  1    248.60 134.57 180.93 0.44 145.65 0.44     122.55 0.44 23.10  3.58    0.54 186.94    0.44        
54  -37 2  3  1    222.37 154.93 44.69  6.05 36.55  6.05     14.60  6.05 21.95  2.91    0.12 48.57     6.06        
55  -37 2  4  1    197.71 47.97  76.92  4.47 63.29  4.47     99.52  4.47 36.24  4.47    0.41 71.63     4.43        
56  -37 2  5  1    194.86 93.36  135.82 1.77 112.87 1.77     72.05  1.77 40.82  4.91    0.47 136.63    1.73        
57  -37 2  6  1    129.47 120.50 18.73  3.09 15.85  3.09     5.53   6.23 21.38  6.23    0.04 22.41     3.12        
58  -37 2  12 1    143.31 50.29  81.09  2.91 66.80  2.91     25.06  2.91 41.74  6.05    0.32 80.92     2.99        
59  -37 2  13 1    97.22  70.19  229.68 6.23 188.14 6.23     92.51  3.09 280.65 3.09    0.49 228.66    6.21        
60  -37 2  15 1    184.05 45.45  122.05 5.79 98.45  5.79     119.60 5.79 21.15  5.79    0.59 115.34    5.78        
61  -37 3  2  1    174.96 151.57 251.39 1.57 203.72 1.57     39.43  4.72 243.15 4.72    0.47 259.60    1.54        
62  -37 3  4  1    426.29 119.38 214.93 4.92 176.51 4.92     509.90 4.92 333.40 4.92    0.81 223.37    4.93        
63  -37 3  5  1    256.83 83.41  124.26 1.76 102.51 1.76     191.86 1.76 89.35  1.76    0.57 119.58    1.72        
64  -37 3  6  1    251.15 187.59 284.43 2.31 238.08 2.31     31.85  2.31 206.23 5.45    0.54 289.98    2.26        
65  -37 3  7  1    281.35 49.60  278.78 3.46 235.88 3.46     264.87 3.46 28.99  3.46    0.89 284.14    3.46        
66  -37 3  8  1    121.93 99.52  202.12 1.27 171.70 1.27     63.18  4.41 234.88 4.41    0.45 190.08    1.26        
67  -37 3  9  1    263.60 56.77  408.41 6.25 346.09 6.25     137.53 6.25 208.56 3.11    0.92 408.28    6.26        
68  -37 3  10 1    288.54 89.90  182.42 0.63 153.18 0.63     272.44 0.63 119.26 0.63    0.74 189.60    0.71        
69  -37 3  11 1    354.68 34.26  373.52 3.75 308.67 3.75     357.41 3.75 48.74  3.75    0.94 377.76    3.76        
70  -37 3  12 1    234.60 40.81  166.36 2.14 136.78 2.14     219.20 2.14 82.42  2.14    0.76 167.49    2.09        
71  -37 3  13 1    186.45 69.07  196.01 1.20 160.25 1.20     92.69  1.20 67.56  4.34    0.68 201.90    1.18        
72  -37 3  14 1    39.99  225.88 152.19 1.84 123.55 1.84     120.34 4.98 243.89 4.98    0.04 152.12    1.87        
73  -37 3  15 1    122.65 50.45  142.38 2.86 114.62 2.86     4.97   2.86 109.65 6.00    0.49 132.91    2.85        
74  -37 4  4  1    189.68 61.55  83.34  1.62 68.24  1.62     82.14  1.62 13.90  1.62    0.40 82.38     1.57        
75  -37 4  5  1    178.91 84.88  98.11  4.21 80.73  4.21     47.96  4.21 32.77  1.07    0.36 104.59    4.27        
76  -37 4  8  1    173.15 91.65  180.08 5.45 150.82 5.45     38.69  5.45 112.13 2.31    0.55 183.88    5.45        
77  -37 4  9  1    140.52 109.53 179.54 5.85 149.98 5.85     35.13  2.71 185.12 2.71    0.41 183.08    5.86        
78  -37 4  10 1    122.98 58.57  130.22 2.46 107.77 2.46     9.31   5.60 117.08 5.60    0.40 128.63    2.43        
79  -37 4  11 1    200.38 58.59  161.30 4.75 132.83 4.75     130.35 4.75 2.49   1.61    0.66 162.42    4.81        
80  -37 4  12 1    153.70 74.28  195.28 1.69 160.10 1.69     20.52  1.69 139.59 4.83    0.59 195.79    1.70        
81  -37 4  13 1    171.61 49.65  91.14  0.67 74.30  0.67     73.52  0.67 0.78   3.81    0.43 97.74     0.67        
82  -37 5  2  1    340.50 55.42  249.79 6.06 201.12 6.06     410.86 6.06 209.74 6.06    0.90 247.54    6.03        
83  -37 5  3  1    125.88 215.96 94.30  5.71 76.47  5.71     55.35  2.56 131.82 2.56    0.08 89.38     5.64        
84  -37 5  4  1    185.25 127.79 249.91 5.34 203.90 5.34     6.03   5.34 197.87 2.19    0.57 248.03    5.32        
85  -37 5  5  1    156.93 112.24 217.60 2.64 178.39 2.64     20.05  5.78 198.44 5.78    0.50 221.55    2.63        
86  -37 5  6  0    348.31 47.35  236.23 2.05 194.31 2.05     194.31 2.05 0.00   0.00    0.00 230.08    2.07        
87  -37 5  7  1    276.84 60.89  318.32 1.77 262.41 1.77     228.54 1.77 33.86  4.91    0.89 327.60    1.77        
88  -37 5  8  1    232.60 73.63  176.00 5.55 145.19 5.55     177.21 5.55 32.02  5.55    0.69 170.42    5.54        
89  -37 5  9  1    120.73 151.96 30.42  3.75 25.08  3.75     14.58  0.61 39.66  0.61    0.04 37.75     3.33        
90  -37 5  10 1    273.05 42.64  194.12 0.29 159.78 0.29     292.28 0.29 132.50 0.29    0.83 193.26    0.29        
91  -37 5  12 1    140.08 214.58 141.16 0.67 115.33 0.67     76.05  3.81 191.38 3.81    0.14 146.83    0.69        
92  -37 5  13 1    209.10 124.58 120.40 1.04 97.79  1.04     54.43  1.04 43.35  4.18    0.36 109.12    1.06        
93  -37 6  6  1    142.41 70.06  85.89  5.76 70.35  5.76     14.26  5.76 56.09  2.62    0.30 88.73     5.76        
94  -37 6  7  1    226.57 53.87  108.48 5.20 89.02  5.20     171.44 5.20 82.42  5.20    0.57 103.42    5.21        
95  -37 6  8  1    167.66 55.89  124.85 0.17 102.55 0.17     67.76  0.17 34.80  3.31    0.51 134.16    0.20        
96  -37 6  10 1    153.99 61.65  100.78 2.58 82.58  2.58     37.27  2.58 45.31  5.72    0.39 94.24     2.56        
97  -37 6  11 1    101.75 264.93 161.36 5.08 131.80 5.08     115.05 1.93 246.86 1.93    0.08 150.87    5.08        
98  -37 6  12 1    87.37  201.98 205.02 1.36 166.75 1.36     142.28 4.50 309.03 4.50    0.14 205.39    1.36        
99  -37 6  13 0    191.20 36.22  103.37 4.44 83.60  4.44     83.60  4.44 0.00   0.00    0.00 106.80    4.40        
100 -37 7  4  1    206.00 147.15 228.20 1.50 184.42 1.50     25.66  1.50 158.76 4.64    0.51 229.81    1.52        
101 -37 7  5  1    258.74 54.49  162.68 1.70 132.08 1.70     265.00 1.70 132.92 1.70    0.77 160.63    1.70        
102 -37 7  9  1    231.54 125.72 217.88 5.37 177.93 5.37     102.34 5.37 75.59  2.23    0.61 218.17    5.40        
103 -37 7  10 0    144.04 52.07  19.13  4.22 15.60  4.22     15.60  4.22 0.00   0.00    0.00 23.68     4.19        
104 -37 7  12 1    125.25 66.53  127.59 3.24 103.22 3.24     2.89   0.10 106.11 0.10    0.40 120.82    3.28        
105 -37 8  5  1    189.82 53.66  137.28 0.74 110.79 0.74     125.60 0.74 14.81  0.74    0.62 137.01    0.75        
106 -37 8  7  1    117.77 88.46  28.96  1.44 23.50  1.44     5.81   4.58 29.31  4.58    0.08 28.87     1.29        
107 -37 8  8  1    147.81 119.80 129.91 2.12 105.51 2.12     17.38  5.26 122.89 5.26    0.30 134.28    2.14        
108 -37 9  6  1    186.70 103.41 394.09 4.19 316.99 4.19     18.32  1.05 335.31 1.05    0.80 397.13    4.19        
109 -37 9  7  1    213.64 145.33 193.58 3.00 156.03 3.00     44.84  3.00 111.19 6.14    0.47 190.06    3.03        
110 -37 9  8  1    269.56 33.66  303.93 6.17 245.17 6.17     245.56 6.17 0.39   6.17    0.91 300.05    6.17        
111 -37 9  9  1    312.14 147.06 291.16 4.61 234.76 4.61     228.86 4.61 5.89   1.47    0.74 295.95    4.59        
112 -37 9  10 1    168.42 75.91  69.50  2.75 55.93  2.75     40.64  2.75 15.29  5.89    0.29 66.34     2.78        
113 -36 0  1  1    409.04 68.21  197.30 3.14 162.26 3.14     642.50 3.14 480.23 3.14    0.98 183.95    3.14        
114 -36 0  2  0    312.41 93.52  362.04 0.00 305.86 0.00     305.86 0.00 0.00   0.00    0.00 379.43    0.00        
115 -36 0  4  1    84.22  183.32 273.66 3.14 246.39 3.14     183.64 0.00 430.03 0.00    0.37 301.29    3.14        
116 -36 0  6  1    153.06 159.20 228.08 0.00 206.11 6.28     20.90  3.14 227.01 3.14    0.61 217.61    6.28        
117 -36 0  7  1    252.83 108.87 228.07 3.14 206.85 3.14     263.22 3.14 56.37  3.14    0.93 219.32    3.14        
118 -36 0  9  1    73.72  219.07 86.07  0.00 80.68  0.00     67.76  3.14 148.44 3.14    0.09 90.06     0.00        
119 -36 0  10 1    320.55 55.32  218.61 0.00 195.26 6.28     440.70 6.28 245.44 6.28    0.99 200.31    6.28        
120 -36 0  11 1    311.48 73.19  361.25 0.00 327.29 6.28     295.33 6.28 31.97  3.14    1.00 353.52    6.28        
121 -36 0  12 1    216.82 98.97  211.22 0.00 189.17 6.28     193.97 6.28 4.80   6.28    0.88 206.82    6.28        
122 -36 0  14 1    201.37 69.88  203.66 0.00 170.68 0.00     169.70 0.00 0.99   3.14    0.85 217.57    0.00        
123 -36 0  15 1    271.31 75.06  192.66 0.00 158.18 0.00     334.26 0.00 176.09 0.00    0.91 204.41    0.00        
124 -36 0  16 1    195.84 98.62  3.59   3.14 2.91   3.14     4.28   3.14 1.37   3.14    0.02 2.87      3.14        
125 -36 1  1  1    261.96 61.54  166.10 3.41 136.56 3.41     254.86 3.41 118.30 3.41    0.75 166.49    3.40        
126 -36 1  2  1    221.35 40.29  117.84 0.90 99.35  0.90     185.06 0.90 85.72  0.90    0.64 115.88    0.85        
127 -36 1  4  1    85.48  128.09 78.28  3.60 70.33  3.60     50.82  0.46 121.16 0.46    0.11 80.51     3.57        
128 -36 1  7  1    175.93 90.29  217.99 5.43 198.98 5.43     43.21  5.43 155.77 2.29    0.69 213.36    5.44        
129 -36 1  8  1    225.25 82.97  186.75 1.96 170.45 1.97     163.04 1.97 7.42   5.12    0.74 182.47    1.99        
130 -36 1  10 1    77.02  106.66 148.03 4.31 133.60 4.29     97.25  1.15 230.85 1.15    0.24 140.81    4.26        
131 -36 1  16 1    176.44 44.11  368.52 4.76 299.44 4.76     7.82   4.76 291.62 1.62    0.87 369.98    4.76        
132 -36 2  1  1    281.66 134.65 124.80 4.64 102.50 4.64     144.59 4.64 42.10  4.64    0.44 136.83    4.69        
133 -36 2  2  0    224.03 88.27  223.35 5.55 187.14 5.55     187.14 5.55 0.00   0.00    0.00 223.76    5.52        
134 -36 2  3  1    160.95 69.84  95.63  3.43 83.03  3.43     44.45  3.43 38.58  0.29    0.40 92.94     3.29        
135 -36 2  4  1    105.62 176.70 134.30 2.75 119.96 2.75     87.80  5.89 207.76 5.89    0.15 134.98    2.68        
136 -36 2  6  0    167.59 84.44  302.26 5.90 277.56 5.91     277.56 5.91 0.00   0.00    0.00 308.20    5.92        
137 -36 2  7  1    242.94 53.90  312.13 3.04 283.87 3.04     154.49 3.04 129.38 6.18    0.90 303.66    3.05        
138 -36 2  8  1    361.71 80.35  380.01 1.81 346.47 1.82     328.12 1.82 18.35  4.96    0.93 371.77    1.83        
139 -36 2  10 1    471.53 42.07  366.73 5.25 332.94 5.25     574.73 5.25 241.79 5.25    0.96 358.22    5.26        
140 -36 2  11 1    186.40 36.58  234.15 4.75 212.96 4.75     102.40 4.75 110.56 1.61    0.85 248.10    4.74        
141 -36 2  12 1    321.08 36.93  225.63 3.36 200.49 3.36     381.64 3.36 181.14 3.36    0.91 228.12    3.29        
142 -36 2  14 1    224.13 79.75  222.17 5.87 184.66 5.87     147.77 5.87 36.88  2.73    0.74 227.74    5.87        
143 -36 2  15 1    172.29 84.48  59.07  5.11 48.40  5.11     27.80  5.11 20.60  1.97    0.22 50.25     4.97        
144 -36 2  16 1    152.80 79.21  217.39 2.87 176.44 2.87     13.15  2.87 163.29 6.01    0.62 218.00    2.87        
145 -36 3  1  1    85.70  235.60 187.52 3.99 153.67 3.99     136.85 0.84 290.52 0.84    0.10 187.44    4.01        
146 -36 3  2  1    256.75 60.40  120.51 0.81 99.93  0.81     226.90 0.81 126.97 0.81    0.64 118.25    0.85        
147 -36 3  3  0    118.60 97.83  93.34  3.74 80.22  3.74     80.22  3.74 0.00   0.00    0.00 86.84     3.72        
148 -36 3  4  1    170.08 46.61  100.78 3.29 89.12  3.29     88.45  3.29 0.67   0.15    0.52 94.87     3.34        
149 -36 3  5  1    204.58 156.60 60.81  3.36 55.01  3.37     11.41  3.37 43.60  0.23    0.16 67.08     3.45        
150 -36 3  6  1    71.61  122.76 161.47 2.29 147.21 2.29     117.46 5.44 264.67 5.44    0.21 163.94    2.32        
151 -36 3  8  1    175.19 70.70  101.13 1.79 92.52  1.81     75.38  1.81 17.14  4.96    0.48 101.53    1.88        
152 -36 3  9  1    121.90 158.34 52.80  6.27 48.09  6.28     27.66  3.14 75.75  3.14    0.08 52.36     0.05        
153 -36 3  10 1    193.61 66.65  143.31 0.56 130.15 0.57     124.50 0.57 5.64   3.71    0.66 143.25    0.62        
154 -36 3  11 1    53.92  119.58 188.10 3.54 169.36 3.54     149.22 0.39 318.58 0.39    0.19 193.59    3.58        
155 -36 3  12 1    187.28 158.99 152.53 2.21 134.20 2.21     9.44   5.35 143.64 5.35    0.33 152.91    2.19        
156 -36 3  13 1    198.38 42.45  64.95  4.75 55.46  4.75     101.08 4.75 45.62  4.75    0.39 64.01     4.77        
157 -36 3  15 0    146.38 58.33  80.69  1.28 66.01  1.28     66.01  1.28 0.00   0.00    0.00 84.22     1.26        
158 -36 4  1  1    175.49 77.50  215.12 2.26 175.82 2.26     57.22  2.26 118.59 5.40    0.66 227.44    2.28        
159 -36 4  2  0    466.74 65.58  211.09 6.15 173.95 6.15     173.95 6.15 0.00   0.00    0.00 213.47    6.12        
160 -36 4  3  1    43.26  198.30 111.56 1.00 94.53  1.00     91.03  4.14 185.55 4.14    0.04 105.84    1.03        
161 -36 4  4  1    282.04 63.46  174.77 3.99 152.44 3.99     302.86 3.99 150.42 3.99    0.81 176.89    4.00        
162 -36 4  5  1    303.38 84.72  343.52 3.74 306.25 3.74     241.27 3.74 64.98  0.59    0.90 349.05    3.76        
163 -36 4  6  1    194.77 94.57  373.94 4.93 338.04 4.93     9.69   1.79 347.74 1.79    0.84 379.84    4.93        
164 -36 4  7  0    206.11 95.07  133.27 0.61 120.47 0.61     120.47 0.61 0.00   0.00    0.00 129.06    0.58        
165 -36 4  10 1    113.40 97.28  333.36 5.00 300.73 5.00     151.35 1.86 452.08 1.86    0.66 323.44    5.01        
166 -36 4  11 1    311.05 30.41  220.73 3.01 196.02 3.01     366.91 3.01 170.89 3.01    0.90 219.98    3.04        
167 -36 4  12 0    266.08 28.82  312.50 2.64 271.12 2.64     271.12 2.64 0.00   0.00    0.00 308.64    2.62        
168 -36 4  14 1    266.48 21.98  219.24 4.38 180.39 4.38     279.96 4.38 99.58  4.38    0.86 225.66    4.35        
169 -36 4  15 1    147.41 72.18  115.96 2.16 94.60  2.16     22.31  2.16 72.29  5.30    0.40 118.71    2.12        
170 -36 4  16 1    78.85  131.32 166.83 1.43 134.75 1.43     104.81 4.57 239.56 4.57    0.19 168.52    1.36        
171 -36 5  1  1    110.00 137.62 100.67 4.07 81.97  4.07     48.98  0.93 130.95 0.93    0.15 96.89     3.98        
172 -36 5  9  1    120.95 56.81  210.47 3.05 188.61 3.05     30.96  6.19 219.57 6.19    0.65 210.33    3.06        
173 -36 5  10 1    90.07  94.56  129.12 0.70 114.53 0.70     67.38  3.84 181.91 3.84    0.26 121.06    0.71        
174 -36 5  11 1    156.74 63.98  149.40 4.48 130.33 4.48     48.61  4.48 81.71  1.34    0.57 151.43    4.52        
175 -36 6  1  1    164.10 45.34  172.77 0.10 140.07 0.10     79.34  0.10 60.73  3.24    0.67 176.53    0.04        
176 -36 6  2  1    207.30 103.65 123.44 2.36 100.91 2.36     78.12  2.36 22.79  5.50    0.43 125.86    2.41        
177 -36 6  3  1    403.66 80.88  234.39 1.62 192.96 1.62     512.84 1.62 319.87 1.62    0.87 237.07    1.59        
178 -36 6  4  1    235.05 55.05  297.45 4.30 249.12 4.30     157.63 4.30 91.50  1.16    0.87 303.05    4.31        
179 -36 6  5  1    117.75 106.86 73.65  2.57 63.09  2.57     24.46  5.71 87.54  5.71    0.16 72.34     2.65        
180 -36 6  6  1    246.49 128.35 353.14 2.68 307.27 2.68     84.33  2.68 222.94 5.83    0.79 346.90    2.66        
181 -36 6  7  0    209.36 76.39  101.82 0.10 89.40  0.10     89.40  0.10 0.00   0.00    0.00 99.51     0.20        
182 -36 6  9  1    226.51 149.61 160.31 5.79 140.57 5.79     57.20  5.79 83.37  2.65    0.44 153.70    5.79        
183 -36 6  11 1    132.09 112.39 232.35 2.14 198.23 2.14     70.57  5.28 268.81 5.28    0.48 227.43    2.16        
184 -36 6  12 1    170.72 82.54  117.05 0.95 97.51  0.95     43.16  0.95 54.35  4.09    0.41 123.25    0.96        
185 -36 6  13 1    42.63  187.34 81.01  4.23 66.61  4.23     64.01  1.09 130.62 1.09    0.03 86.77     4.21        
186 -36 6  15 1    82.31  90.90  224.61 2.43 181.76 2.43     120.43 5.57 302.18 5.57    0.37 227.68    2.44        
187 -36 7  1  1    265.32 63.99  108.02 5.23 87.12  5.23     245.00 5.23 157.88 5.23    0.63 111.59    5.21        
188 -36 7  2  1    62.17  207.82 138.28 4.23 112.45 4.23     104.40 1.09 216.86 1.09    0.06 138.84    4.20        
189 -36 7  4  1    169.25 85.13  101.40 5.25 83.52  5.25     35.29  5.25 48.23  2.11    0.35 101.46    5.26        
190 -36 7  5  1    169.98 58.43  164.74 1.76 137.41 1.76     70.36  1.76 67.05  4.90    0.61 162.74    1.78        
191 -36 7  9  1    223.38 49.90  110.42 4.08 94.32  4.08     178.91 4.08 84.59  4.08    0.61 100.40    3.94        
192 -36 7  12 0    71.70  171.07 77.23  1.48 63.55  1.48     63.55  1.48 0.00   0.00    0.00 76.23     1.41        
193 -36 7  13 0    129.90 66.72  237.54 1.98 194.28 1.98     194.28 1.98 0.00   0.00    0.00 241.96    1.99        
194 -36 7  15 1    157.79 85.54  65.95  2.99 53.09  2.99     21.13  2.99 31.95  6.14    0.24 60.62     3.13        
195 -36 8  2  0    249.86 37.35  25.73  2.31 20.80  2.31     20.80  2.31 0.00   0.00    0.00 29.83     2.20        
196 -36 8  4  1    266.59 40.13  216.23 4.74 177.03 4.74     276.49 4.74 99.45  4.74    0.85 224.00    4.78        
197 -36 8  5  0    253.64 37.89  384.02 0.07 315.80 0.07     315.80 0.07 0.00   0.00    0.00 388.31    0.09        
198 -36 8  6  1    67.97  204.92 86.28  0.70 71.17  0.70     65.05  3.84 136.22 3.84    0.04 83.68     0.60        
199 -36 8  7  1    156.52 82.36  231.39 3.04 191.94 3.04     4.12   3.04 187.82 6.18    0.63 230.10    3.05        
200 -36 8  8  1    397.38 28.98  298.80 0.29 248.53 0.29     494.33 0.29 245.80 0.29    0.93 308.64    0.29        
201 -36 8  9  1    270.85 81.41  141.50 5.80 117.23 5.80     234.15 5.80 116.92 5.80    0.65 154.83    5.78        
202 -36 8  10 0    274.31 72.92  196.95 3.55 162.38 3.55     162.38 3.55 0.00   0.00    0.00 198.06    3.49        
203 -36 8  11 1    318.02 45.43  218.34 4.46 179.41 4.46     375.10 4.46 195.69 4.46    0.87 215.87    4.48        
204 -36 8  12 0    158.51 130.08 295.09 4.22 241.35 4.22     241.35 4.22 0.00   0.00    0.00 303.36    4.18        
205 -36 9  3  1    300.41 28.35  125.67 3.07 101.61 3.07     372.90 3.07 271.29 3.07    0.79 129.78    3.06        
206 -36 9  4  1    234.40 60.85  147.10 3.75 119.61 3.75     203.41 3.75 83.80  3.75    0.69 140.36    3.77        
207 -36 9  5  1    93.34  222.24 71.88  5.82 58.71  5.82     50.25  2.68 108.95 2.68    0.05 67.55     5.80        
208 -36 9  7  1    170.38 95.57  111.55 4.11 91.56  4.11     29.63  4.11 61.93  0.97    0.36 113.64    4.14        
209 -36 9  8  1    249.55 73.37  226.25 0.52 185.80 0.52     209.00 0.52 23.19  0.52    0.79 228.29    0.52        
210 -36 9  9  1    206.62 61.49  139.55 2.88 114.51 2.88     138.38 2.88 23.87  2.88    0.61 134.45    2.95        
211 -36 9  10 1    146.42 76.23  122.37 1.55 100.20 1.55     15.73  1.55 84.47  4.69    0.40 120.95    1.57        
212 -36 9  12 1    91.60  101.77 178.71 5.16 145.17 5.16     89.83  2.02 235.00 2.02    0.30 178.46    5.17        
213 -36 10 4  1    410.03 33.50  232.92 5.67 187.96 5.67     569.45 5.67 381.49 5.67    0.92 229.19    5.71        
214 -36 10 7  1    239.17 62.16  83.89  1.20 68.32  1.20     163.76 1.20 95.43  1.20    0.49 77.39     1.34        
215 -36 10 8  1    457.55 27.34  293.54 5.72 239.24 5.72     625.94 5.72 386.70 5.72    0.95 298.76    5.71        
216 -36 10 9  1    188.86 73.10  74.09  2.62 60.34  2.62     65.35  2.62 5.01   2.62    0.33 72.90     2.58        
217 -36 10 11 1    107.01 74.16  243.73 2.78 197.40 2.78     79.58  5.92 276.98 5.92    0.55 237.62    2.82        
218 -36 10 12 0    233.97 90.38  252.88 2.06 203.87 2.06     203.87 2.06 0.00   0.00    0.00 258.85    2.06        
219 -36 11 6  1    151.49 138.57 53.85  5.98 43.41  5.98     9.62   2.83 53.03  2.83    0.11 48.23     6.05        
220 -36 11 7  1    167.76 100.35 145.03 2.46 117.15 2.46     28.83  2.46 88.32  5.60    0.44 144.29    2.45        
221 -35 0  2  1    103.83 162.95 142.71 0.00 130.64 0.00     71.30  3.14 201.94 3.14    0.29 143.14    0.00        
222 -35 0  4  1    133.68 106.99 14.75  0.00 6.76   6.28     0.85   6.28 5.92   3.14    0.03 5.30      6.28        
223 -35 0  5  1    126.27 121.20 0.70   3.14 1.26   6.28     0.15   3.14 1.42   3.14    0.00 1.45      6.28        
224 -35 0  6  1    179.58 87.11  166.24 0.00 157.86 0.00     106.37 0.00 51.48  3.14    0.74 168.88    0.00        
225 -35 0  7  1    198.48 135.16 77.09  0.00 90.67  0.00     72.14  0.00 18.53  3.14    0.41 95.08     0.00        
226 -35 0  9  0    149.18 185.55 78.36  3.14 68.34  3.14     68.34  3.14 0.00   0.00    0.00 73.64     3.14        
227 -35 0  10 1    126.19 137.02 43.78  3.14 32.88  3.14     7.28   0.00 40.16  0.00    0.10 35.13     3.14        
228 -35 1  1  1    340.90 79.48  401.16 0.47 357.43 0.47     277.01 0.47 80.43  3.61    0.93 417.58    0.47        
229 -35 1  2  1    234.47 114.26 150.69 3.71 139.75 3.71     132.00 3.71 7.75   0.56    0.58 159.70    3.69        
230 -35 1  3  1    51.25  221.76 183.04 3.82 172.58 3.78     164.94 0.64 337.52 0.64    0.07 188.47    3.75        
231 -35 1  5  1    248.96 75.30  238.41 3.94 241.15 3.94     181.54 3.94 59.60  0.80    0.85 258.75    3.94        
232 -35 1  6  1    319.28 59.26  326.01 4.06 301.71 4.02     285.82 4.02 15.89  0.88    0.92 323.09    4.02        
233 -35 1  7  1    157.54 73.62  141.19 1.12 143.84 1.11     30.99  1.11 112.85 4.25    0.55 152.96    1.11        
234 -35 1  8  1    226.81 60.46  251.57 0.45 238.40 0.47     144.76 0.47 93.63  3.61    0.84 255.17    0.47        
235 -35 1  9  1    271.90 127.70 298.25 1.20 273.84 1.21     152.85 1.21 120.99 4.35    0.78 293.65    1.21        
236 -35 1  11 1    188.32 44.75  184.29 5.04 162.56 5.08     124.69 5.08 37.87  1.94    0.76 171.19    5.09        
237 -35 1  12 1    144.65 39.52  155.18 2.69 147.91 2.71     46.44  2.71 101.47 5.85    0.67 160.47    2.73        
238 -35 1  15 1    118.83 52.08  177.65 4.17 153.78 4.17     20.42  1.03 174.20 1.03    0.56 190.84    4.12        
239 -35 1  16 0    290.02 39.47  620.46 1.35 511.85 1.35     511.85 1.35 0.00   0.00    0.00 640.32    1.34        
240 -35 1  17 1    141.78 45.28  258.22 0.68 210.57 0.68     0.08   3.82 210.65 3.82    0.74 248.92    0.66        
241 -35 1  18 1    115.05 89.00  36.00  4.78 28.99  4.78     7.67   1.63 36.66  1.63    0.09 33.36     4.70        
242 -35 2  1  1    235.43 138.45 136.99 0.53 121.34 0.53     84.75  0.53 36.58  3.68    0.44 143.78    0.53        
243 -35 2  5  1    302.13 79.08  121.32 4.88 115.27 4.94     313.28 4.94 198.01 4.94    0.71 123.18    4.95        
244 -35 2  9  1    135.52 65.93  164.65 1.33 157.57 1.34     4.39   4.48 161.96 4.48    0.57 168.49    1.34        
245 -35 2  10 1    89.99  102.13 153.82 4.88 148.25 4.89     94.19  1.75 242.44 1.75    0.30 158.60    4.89        
246 -35 2  12 1    101.87 91.93  199.14 2.01 183.37 2.03     91.39  5.17 274.75 5.17    0.45 195.70    2.04        
247 -35 2  13 1    69.20  119.96 224.77 4.17 205.51 4.17     166.51 1.03 372.02 1.03    0.28 222.87    4.17        
248 -35 2  18 1    262.08 51.79  193.39 0.69 155.53 0.69     277.40 0.69 121.87 0.69    0.83 192.75    0.70        
249 -35 3  1  0    267.15 114.21 97.52  0.05 85.52  0.05     85.52  0.05 0.00   0.00    0.00 95.93     6.28        
250 -35 3  4  1    516.94 119.24 427.49 1.02 400.13 1.01     571.21 1.01 171.08 1.01    0.94 429.47    1.01        
    
