h  k l  FREE FP     SIGFP  FCalc  PHICalc 
1   -38 0 5  1    354.26 152.61 526.85 3.14 
2   -38 0 6  1    278.31 174.27 10.78  3.14    
3   -38 0 8  1    243.73 232.77 540.21 3.14    
4   -38 0 9  1    266.88 121.62 151.41 0.00    
5   -38 0 10 1    576.77 79.26  642.26 0.00    
6   -38 0 11 1    404.76 130.91 346.47 3.14    
7   -38 0 12 1    355.01 165.93 169.99 3.14    
8   -38 1 4  0    217.65 128.40 216.40 1.73    
9   -38 1 5  1    361.23 62.66  208.22 -2.27   
10  -38 1 6  1    257.11 121.87 97.79  2.10    
11  -38 1 7  1    231.89 174.95 68.28  1.86    
12  -38 1 10 1    176.60 198.53 268.81 0.69    
13  -38 1 12 1    378.51 50.21  204.87 1.37    
14  -38 1 13 1    226.25 48.34  194.69 -3.10   
15  -38 2 5  1    508.91 110.92 444.17 -2.95   
16  -38 2 6  1    338.39 67.60  243.07 -0.13   
17  -38 2 7  1    360.67 108.61 227.08 2.12    
18  -38 2 8  0    128.44 166.59 351.61 2.00    
19  -38 2 9  1    137.58 193.23 208.48 1.12    
20  -38 2 10 1    434.64 36.16  322.86 -0.93   
21  -38 2 12 0    171.76 156.46 103.92 2.96    
22  -38 2 13 1    76.85  386.23 234.91 0.29    
23  -38 3 5  1    250.85 311.99 151.00 0.03    
24  -38 3 7  1    247.08 244.84 127.66 -1.33   
25  -38 3 8  1    268.09 104.22 329.91 0.57    
26  -38 3 11 1    200.67 266.27 109.66 0.16    
27  -38 4 5  1    448.38 69.58  567.67 -2.94   
28  -38 4 7  1    410.06 89.05  504.14 1.98    
29  -38 4 8  1    347.93 60.38  322.19 -0.60   
30  -38 4 9  1    266.89 86.81  187.66 -0.59   
31  -38 4 11 1    134.61 175.34 443.87 -1.05   
32  -38 4 12 1    170.80 194.30 349.32 2.07    
33  -38 5 6  1    142.75 295.52 66.37  1.84    
34  -38 5 8  1    510.18 141.03 149.40 -0.07   
35  -38 5 9  1    63.53  287.23 248.30 -1.65   
36  -38 5 11 1    440.33 94.97  209.20 1.34    
37  -38 6 7  1    348.48 117.66 244.82 1.85    
38  -38 6 8  1    176.31 355.63 181.11 1.15    
39  -38 6 10 1    395.10 51.40  202.97 -2.12   
40  -37 0 1  1    529.51 114.49 319.06 0.00    
41  -37 1 1  1    428.94 79.78  360.64 0.86    
42  -37 1 2  1    206.69 100.83 148.33 -2.05   
43  -37 1 3  1    291.14 79.77  292.17 -1.93   
44  -37 1 4  1    276.07 79.97  327.87 -2.16   
45  -37 1 5  1    111.48 338.85 403.36 1.57    
46  -37 1 6  1    326.66 56.73  266.66 -2.74   
47  -37 1 7  1    386.88 290.82 562.76 -1.63   
48  -37 1 8  1    163.22 101.40 417.84 1.77    
49  -37 1 9  0    441.86 72.25  627.53 0.92    
50  -37 1 11 1    448.50 68.55  295.67 -1.84   
51  -37 1 12 1    148.21 139.61 264.73 -2.85   
52  -37 1 14 1    221.87 50.68  337.40 1.46    
53  -37 2 1  1    359.44 194.57 292.35 0.42    
54  -37 2 3  1    321.52 224.01 74.16  -0.21   
55  -37 2 4  1    285.86 69.37  122.75 -1.79   
56  -37 2 5  1    281.75 134.99 211.09 1.76    
57  -37 2 6  1    187.20 174.23 29.13  -3.12   
58  -37 2 12 1    207.21 72.72  129.95 2.89    
59  -37 2 13 1    140.57 101.48 362.70 -0.06   
60  -37 2 15 1    266.11 65.72  200.45 -0.50   
61  -37 3 2  1    252.97 219.15 401.60 1.59    
62  -37 3 4  1    616.36 172.61 342.75 -1.36   
63  -37 3 5  1    371.34 120.59 195.35 1.77    
64  -37 3 6  1    363.12 271.23 447.53 2.31    
65  -37 3 7  1    406.79 71.72  438.01 -2.83   
66  -37 3 8  1    176.30 143.90 318.16 1.27    
67  -37 3 9  1    381.14 82.08  639.91 -0.04   
68  -37 3 10 1    417.19 129.99 283.16 0.63    
69  -37 3 11 1    512.83 49.54  587.03 -2.53   
70  -37 3 12 1    339.21 59.01  265.53 2.15    
71  -37 3 13 1    269.58 99.86  315.71 1.21    
72  -37 3 14 1    57.82  326.60 240.32 1.83    
73  -37 3 15 1    177.33 72.95  228.80 2.86    
74  -37 4 4  1    274.26 88.99  134.91 1.59    
75  -37 4 5  1    258.68 122.73 157.54 -2.03   
76  -37 4 8  1    250.36 132.52 280.53 -0.83   
77  -37 4 9  1    203.18 158.36 278.70 -0.43   
78  -37 4 10 1    177.81 84.69  203.97 2.45    
79  -37 4 11 1    289.72 84.71  256.23 -1.53   
80  -37 4 12 1    222.23 107.40 314.56 1.70    
81  -37 4 13 1    248.12 71.79  145.37 0.68    
82  -37 5 2  1    492.32 80.14  402.01 -0.23   
83  -37 5 3  1    182.00 312.26 157.78 -0.55   
84  -37 5 4  1    267.86 184.77 401.93 -0.94   
85  -37 5 5  1    226.91 162.29 347.29 2.66    
86  -37 5 6  0    503.61 68.46  376.18 2.05    
87  -37 5 7  1    400.27 88.04  506.56 1.77    
88  -37 5 8  1    336.31 106.46 280.11 -0.72   
89  -37 5 9  1    174.56 219.72 46.81  -2.52   
90  -37 5 10 1    394.79 61.65  303.87 0.28    
91  -37 5 12 1    202.55 310.26 223.65 0.69    
92  -37 5 13 1    302.33 180.13 193.06 1.06    
93  -37 6 6  1    205.91 101.29 134.90 -0.52   
94  -37 6 7  1    327.59 77.89  167.72 -1.12   
95  -37 6 8  1    242.41 80.80  200.77 0.16    
96  -37 6 10 1    222.65 89.14  158.19 2.57    
97  -37 6 11 1    147.12 383.06 257.89 -1.21   
98  -37 6 12 1    126.33 292.03 331.15 1.36    
99  -37 6 13 0    276.45 52.38  167.37 -1.84   
100 -37 7 4  1    297.86 212.76 370.64 1.49    
101 -37 7 5  1    374.11 78.78  258.97 1.71    
102 -37 7 9  1    334.77 181.78 350.91 -0.91   
103 -37 7 10 0    208.27 75.28  37.33  -2.03   
104 -37 7 12 1    181.10 96.20  207.88 -3.06   
105 -37 8 5  1    274.46 77.58  222.63 0.72    
106 -37 8 7  1    170.28 127.90 48.92  1.40    
107 -37 8 8  1    213.71 173.22 207.54 2.11    
108 -37 9 6  1    269.94 149.52 640.79 -2.10   
109 -37 9 7  1    308.89 210.13 315.26 3.00    
110 -37 9 8  1    389.75 48.67  495.51 -0.11   
111 -37 9 9  1    451.32 212.63 474.54 -1.67   
112 -37 9 10 1    243.52 109.76 113.07 2.78    
113 -36 0 1  1    591.42 98.63  310.95 3.14    
114 -36 0 2  0    451.71 135.22 562.67 0.00    
115 -36 0 4  1    121.77 265.06 419.94 3.14    
116 -36 0 6  1    221.31 230.19 345.17 0.00    
117 -36 0 7  1    365.56 157.42 350.05 3.14    
118 -36 0 9  1    106.59 316.75 136.55 0.00    
119 -36 0 10 1    463.47 79.99  336.29 0.00    
120 -36 0 11 1    450.36 105.83 554.49 0.00    
121 -36 0 12 1    313.50 143.10 323.95 0.00    
122 -36 0 14 1    291.16 101.03 320.56 0.00    
123 -36 0 15 1    392.28 108.52 307.15 0.00    
124 -36 0 16 1    283.17 142.60 3.32   3.14    
125 -36 1 1  1    378.76 88.97  262.26 -2.87   
126 -36 1 2  1    320.05 58.26  188.34 0.91    
127 -36 1 4  1    123.59 185.20 121.24 -2.66   
128 -36 1 7  1    254.38 130.55 337.99 -0.86   
129 -36 1 8  1    325.68 119.97 279.84 1.97    
130 -36 1 10 1    111.36 154.22 223.80 -1.97   
131 -36 1 16 1    255.11 63.78  593.41 -1.52   
132 -36 2 1  1    407.24 194.69 200.95 -1.64   
133 -36 2 2  0    323.92 127.63 348.97 -0.74   
134 -36 2 3  1    232.72 100.98 143.83 -2.87   
135 -36 2 4  1    152.71 255.49 204.02 2.75    
136 -36 2 6  0    242.32 122.08 457.30 -0.38   
137 -36 2 7  1    351.27 77.94  479.80 3.04    
138 -36 2 8  1    522.99 116.18 578.32 1.81    
139 -36 2 10 1    681.77 60.83  562.63 -1.03   
140 -36 2 11 1    269.51 52.90  360.75 -1.53   
141 -36 2 12 1    464.24 53.40  354.05 -2.92   
142 -36 2 14 1    324.07 115.31 348.62 -0.41   
143 -36 2 15 1    249.11 122.14 92.90  -1.18   
144 -36 2 16 1    220.93 114.53 351.00 2.87    
145 -36 3 1  1    123.91 340.65 299.67 -2.30   
146 -36 3 2  1    371.22 87.33  189.21 0.82    
147 -36 3 3  0    171.48 141.45 145.76 -2.55   
148 -36 3 4  1    245.91 67.40  154.06 -3.01   
149 -36 3 5  1    295.79 226.43 91.46  -2.91   
150 -36 3 6  1    103.54 177.50 245.64 2.29    
151 -36 3 8  1    253.30 102.22 151.67 1.83    
152 -36 3 9  1    176.26 228.95 76.55  -0.02   
153 -36 3 10 1    279.93 96.37  222.54 0.55    
154 -36 3 11 1    77.96  172.90 291.54 -2.75   
155 -36 3 12 1    270.79 229.88 234.10 2.22    
156 -36 3 13 1    286.83 61.38  100.96 -1.51   
157 -36 3 15 0    211.65 84.34  125.55 1.26    
158 -36 4 1  1    253.73 112.06 337.18 2.26    
159 -36 4 2  0    674.84 94.82  332.56 -0.12   
160 -36 4 3  1    62.55  286.72 178.11 1.01    
161 -36 4 4  1    407.79 91.75  272.63 -2.28   
162 -36 4 5  1    438.65 122.50 534.03 -2.54   
163 -36 4 6  1    281.61 136.74 571.71 -1.36   
164 -36 4 7  0    298.01 137.46 204.32 0.61    
165 -36 4 10 1    163.96 140.65 510.75 -1.29   
166 -36 4 11 1    449.75 43.97  342.39 3.02    
167 -36 4 12 0    384.72 41.67  489.29 2.65    
168 -36 4 14 1    385.30 31.78  344.29 -1.90   
169 -36 4 15 1    213.13 104.36 186.20 2.16    
170 -36 4 16 1    114.00 189.87 271.25 1.43    
171 -36 5 1  1    159.04 198.98 164.87 -2.23   
172 -36 5 9  1    174.88 82.14  327.21 3.05    
173 -36 5 10 1    130.23 136.72 201.08 0.71    
174 -36 5 11 1    226.63 92.50  234.94 -1.81   
175 -36 6 1  1    237.27 65.55  277.70 0.10    
176 -36 6 2  1    299.74 149.87 197.25 2.34    
177 -36 6 3  1    583.64 116.95 373.84 1.63    
178 -36 6 4  1    339.85 79.60  465.76 -1.97   
179 -36 6 5  1    170.26 154.51 114.16 2.62    
180 -36 6 6  1    356.40 185.58 553.92 2.68    
181 -36 6 7  0    302.71 110.45 153.58 0.10    
182 -36 6 9  1    327.50 216.32 253.09 -0.50   
183 -36 6 11 1    190.99 162.50 365.77 2.15    
184 -36 6 12 1    246.84 119.34 181.98 0.95    
185 -36 6 13 1    61.63  270.86 128.79 -2.07   
186 -36 6 15 1    119.01 131.43 359.27 2.42    
187 -36 7 1  1    383.62 92.52  170.16 -1.06   
188 -36 7 2  1    89.89  300.48 223.77 -2.05   
189 -36 7 4  1    244.71 123.08 159.65 -1.01   
190 -36 7 5  1    245.78 84.49  261.57 1.76    
191 -36 7 9  1    322.98 72.15  172.41 -2.21   
192 -36 7 12 0    103.68 247.35 126.40 1.47    
193 -36 7 13 0    187.83 96.46  379.92 1.98    
194 -36 7 15 1    228.14 123.68 104.50 3.03    
195 -36 8 2  0    361.26 54.01  41.70  2.24    
196 -36 8 4  1    385.45 58.02  347.48 -1.53   
197 -36 8 5  0    366.73 54.79  603.31 0.07    
198 -36 8 6  1    98.27  296.29 134.62 0.71    
199 -36 8 7  1    226.31 119.09 362.71 3.04    
200 -36 8 8  1    574.56 41.90  471.51 0.29    
    
